55
13
385.88 17307.1
15 7 11 19 4 18 6 0 10 13 25 27 8 3 20 21 14 0 1 24 0 9 2 22 26 0 5 28 23 0 17 16 12 0 0 0 0 0 0 0 0 0 0 0 0 0 0 0 0 0 0 0 0 0 0 
828.56 11399.1
5 6 0 7 1 0 10 2 21 0 13 11 8 0 15 12 0 16 17 0 18 19 0 20 22 23 0 24 4 0 25 3 9 0 26 0 27 14 0 28 0 0 0 0 0 0 0 0 0 0 0 0 0 0 0 
2 1 1 2 0 2 0 2 2 0 1 1 0 1 0 0 1 0 1 0 2 1 2 0 0 0 0 0 
0 0 4 -1 0 0 0 0 4 0 

0 9.86 19.55 15.32 23.93 28.51 52.65 10.76 20.89 14.32 9.19 18.05 42.28 12.53 25.32 6.16 51.84 35.42 32.05 20.46 9.98 19.42 30.57 50.71 15.2 15.65 49.65 14.8 29.5 
10.3 0 22.15 4.04 37.21 29.97 67.45 24.57 9.53 13.86 9.34 24.57 43.93 6.8 29.21 16.62 48.58 32.79 45.29 33.41 12.69 21.06 19.69 53.39 5.23 9.07 36.61 8.64 29.7 
18.5 21.37 0 23.97 39.5 23.49 66.61 30.26 18.13 3.73 15.8 30.57 64.59 9.82 5.46 22.05 68.9 52.09 45.27 33.81 5.25 14.06 15.9 28.6 25.78 8.08 32.26 9.15 21.09 
18.66 11.27 12.65 0 40.18 23.24 70.71 29.31 2.29 8.93 10.29 28.23 59.34 2.8 19.62 21.64 50.22 33.63 48.88 33.73 5.3 13.81 9.74 43.01 15.69 4.03 27.38 3.84 24.23 
20.26 34.2 40.59 37.9 0 20.21 32.52 6.53 43.61 36.14 34.49 10.82 25.42 36.38 32.75 16.03 63.83 47.39 12.29 7.16 32.26 23 54.32 39.01 40.2 39.66 73.53 39.24 24.23 
25.46 27.34 20.62 29.96 21.6 0 49.83 19.39 24.07 15.41 22.12 11.16 43.18 15.53 13.21 17.58 76.83 60.57 29.23 15.57 11.64 3.06 34.41 20.58 31.69 19.16 53.87 18.71 2.62 
55.09 69.97 69.43 73.27 31.67 44.76 0 41.34 74.56 64.91 67.04 41.23 52.49 65.7 63.46 52.9 93.95 86.4 20.58 33.28 61.29 51.75 84.25 52.16 74.7 69.27 102.92 68.64 49.3 
9.39 24.86 31.34 29.7 9.2 21.9 41.07 0 33.86 25.62 24.26 8.95 28.31 25.74 22.52 4.81 56.11 41.09 23.52 11.47 22.33 12.26 44.88 41.89 29.86 29.19 64.71 28.77 23.13 
22.25 11.45 18.31 7.42 45.34 27.83 75.29 33.76 0 13.79 15.7 33.83 54.65 6.72 24.52 26.03 45.87 30.31 53.88 38.34 10.25 18.6 15.47 48.92 11.26 7.84 27.85 8.56 28.8 
13.43 14.55 4.63 17.31 34.95 18.54 64.83 24.75 10.92 0 7.49 23.69 59.7 4.04 12.19 16.72 63.1 46.07 42.75 29.12 2.77 9.04 20.34 35.03 19.19 4.24 36.39 4.11 19.6 
8.1 6.39 13.38 9.11 35.32 26.52 63.65 22.13 10.57 4.86 0 21.05 53.63 3.17 21.58 13.03 57.29 40.05 41.18 30 8.42 17.47 21.53 44.45 11.07 4.56 38.35 4.36 26.24 
15.98 26.2 31.25 28.81 12.54 12.22 37.98 8.67 32.99 24.71 23.75 0 30.82 24.83 21.6 6.78 70.08 55.79 18.21 6.71 21.4 11.29 45.61 31.7 31.69 28.3 65.54 27.87 13.44 
39.5 41.99 62.54 47.11 23.19 41.71 55.21 22.7 53.1 56.15 54.53 29.56 0 55.82 52.49 31.18 37.78 53.64 34.68 29.87 51.95 41.78 63.47 63.56 49.58 56.11 82.25 57.5 43.09 
15.45 7.47 11.06 10.46 38.02 21.61 68.67 27.72 2.9 4.22 6.56 27.47 56.79 0 18.26 19.04 54.08 36.76 46.75 32.13 3.93 12.16 13.97 43.76 12.41 1.5 31.35 1.75 22.62 
23.28 26.51 10.48 29.33 30.83 14.16 60.02 20.59 21.81 13.16 19.9 19.52 54.66 13.24 0 18.79 73.87 57.53 38.03 24.89 9.36 4.51 25.1 25.74 31.21 16.89 41.34 16.46 15.26 
4.26 18.03 21.45 20.69 18.08 20.37 46.34 4.63 25.52 17.12 15.52 7.33 36.63 17.1 21 0 61.36 44.48 26.4 14.51 12.92 10.66 35.62 41.55 22.53 21.2 54.88 20.77 21.6 
45.18 43.23 62.93 47.61 58.33 76.26 91.91 50.1 52.39 61.12 55.58 65.75 35.42 52.96 70.96 55.42 0 14.79 71.99 65.71 56.97 66.14 55.39 94.8 39.48 55.32 48.49 54.66 74.64 
36.15 32.39 50.8 35.63 48.58 64.55 81.94 40.88 40.05 49.02 43.39 57.32 57.79 40.56 59.01 43.81 16.35 0 61.49 57.34 44.66 54.11 43.15 83.66 29.92 43.01 36.73 42.35 65.16 
31.86 45.69 43.54 49.19 9.25 22.93 18.32 19.95 51.26 40.85 42.54 19.1 35.7 41.57 37.43 27.25 75.54 61.53 0 9.82 37.21 28.94 59.91 31.65 50.86 45.51 78.43 44.86 26.92 
19.46 33.66 35.34 36.24 4.84 12.12 30.1 12.65 39 30.51 31.26 7.3 29.75 30.7 28.36 14.59 68.94 55.46 9.67 0 27 18.37 50.74 31.64 37.89 34.09 70.38 33.65 16.29 
13.06 16 11.88 18.65 29.72 12.88 59.23 19.25 16.37 6.46 13.61 18.16 53.76 7.96 9.5 11.02 69.37 52.62 36.99 23.72 0 3.29 28.12 34.46 22.05 11.67 45.86 11.24 13.97 
17.7 21.01 12.72 23.91 25.85 8.82 54.57 13.85 16.18 7.32 14.23 12.75 47.36 7.39 4.94 11.99 68.5 51.74 33.22 19.77 3.42 0 26.89 28.3 25.7 11.14 44.91 10.69 9.3 
27.96 17.42 12.01 14.96 52.49 34.07 80.49 39.8 8.42 17.91 22.23 40.27 60.94 13.53 18.94 31.66 55.44 38.01 60.11 45.67 16.98 25.09 0 41.76 17.24 10.4 20.36 13.23 34.46 
48.39 50.77 29.76 54.2 36.95 20.11 55.83 41.45 47.68 35.62 44.9 31.94 65.11 38.1 24.44 39.79 99.49 83.99 35.41 31.18 34.5 26.16 44.45 0 55.82 38.82 63.7 41.35 18.61 
16.52 4.86 24.69 6.01 41.09 33.57 71.69 29.28 11.8 20.47 13.95 28.21 49.03 13.12 31.36 20.37 46.15 30.71 49.82 36.99 17.69 24.79 21.88 56.27 0 14.84 33.95 14.91 33.31 
15.68 9.47 7.49 12.44 40.18 23.51 70.59 29.3 5.77 4.32 6.84 28.5 59.83 3.23 15.16 20.48 57.17 39.82 48.85 33.95 5.97 14.14 15.79 37.47 14.38 0 34.11 1.1 24.51 
48.98 37.64 32.04 36.71 75.03 56.8 100.2 62.97 29.35 37.37 41.3 63.71 82.72 34.09 38.51 53.46 53.44 36.86 81.36 68.73 37.29 46.25 20.17 64.27 35.84 30.53 0 33.11 57.2 
14.27 6.75 13.05 9.75 37.29 20.93 68 27.07 3.12 5.84 6.25 25.99 53.98 2.02 17.57 18.36 54.44 37.09 46.02 31.48 3.58 11.45 14.35 43.02 11.7 2.93 31.69 0 21.95 
29.36 30.51 17.72 33.07 25.23 4.35 55.09 23.51 28.31 19.84 26.41 14.05 46.35 19.96 12.18 21.74 80.93 64.73 34.35 19.16 16.16 7.21 32.15 18.33 34.77 23.51 50.07 23.07 0  

0 631 995 614 1070 1065 1796 587 800 772 563 870 1532 643 1131 502 1382 1140 1148 888 588 861 1138 1575 738 755 1507 742 1175 
679 0 1057 328 1380 1047 1902 1135 514 754 648 965 1415 467 886 735 1336 1094 1272 1039 649 750 852 1520 419 534 1194 553 1035 
906 960 0 932 1286 902 1747 1129 748 298 870 1076 1954 577 347 1087 1636 1394 1253 1109 425 585 824 880 1059 589 1116 627 838 
853 599 480 0 1037 653 1807 925 182 513 629 934 1666 226 554 808 1216 974 1254 860 276 449 520 1087 674 293 862 312 763 
878 1270 1534 1218 0 844 1219 430 1405 1287 1173 518 947 1164 1351 744 1836 1626 571 582 1103 943 1743 1326 1372 1288 2085 1307 952 
944 944 819 916 903 0 1525 787 690 596 785 569 1447 480 656 707 1936 1482 972 578 453 248 1077 957 1043 604 1419 623 209 
1930 2134 2037 2106 1258 1535 0 1537 2103 2009 2130 1476 1807 1893 1938 1732 2351 2591 844 1395 1866 1661 2432 1460 2233 2017 2546 2036 1643 
535 1151 1301 939 560 860 1442 0 1131 1037 1084 566 1017 921 1008 390 1846 1482 854 593 894 600 1463 1346 1258 1045 1805 1064 987 
867 563 704 515 1209 825 1979 1097 0 684 735 1057 1547 397 890 925 1400 931 1426 1032 448 621 744 1311 555 504 1248 483 935 
699 809 370 699 1080 696 1850 968 583 0 546 977 1747 324 641 823 1552 1310 1297 903 219 492 973 1134 826 340 1265 327 806 
528 441 767 412 1103 956 1811 865 493 396 0 874 1509 254 772 672 1471 1229 1181 948 565 659 881 1304 539 366 1223 353 944 
753 936 1214 907 570 550 1296 542 1099 1005 932 0 1030 889 976 462 1919 1831 648 416 862 568 1363 1032 966 1013 1705 1032 703 
1362 1397 1895 1344 859 1351 1733 1163 1531 1727 1613 959 0 1573 1691 1449 1297 1748 1192 1038 1543 1283 1869 1833 1498 1648 2211 1659 1441 
746 504 570 498 1053 669 1823 941 236 338 534 853 1501 0 734 812 1270 1028 1270 876 318 465 624 1179 625 118 966 137 779 
989 1033 694 983 989 605 1855 886 735 641 830 895 1686 525 0 806 1981 1527 1206 812 498 366 996 917 1007 649 1287 668 715 
344 709 893 680 868 802 1594 377 875 791 705 508 1335 665 950 0 1712 1470 946 686 621 542 1204 1312 807 810 1546 829 929 
1531 1219 1429 1194 1639 1700 2514 1629 1374 1508 1492 1739 1164 1272 1503 1620 0 606 1961 1818 1323 1496 1429 2036 1315 1339 1335 1358 1967 
1174 1045 1255 1020 1619 1526 2505 1320 1200 1334 1318 1769 1731 1098 1329 1567 651 0 1952 1847 1149 1322 1255 1862 938 1165 1161 1184 1636 
1154 1358 1254 1330 513 790 818 792 1358 1264 1354 700 1152 1148 1155 1009 2150 1988 0 587 1121 916 1649 1038 1457 1272 1940 1291 898 
864 1122 1216 1094 390 519 1178 674 1087 993 1118 464 1013 877 1053 719 2011 1827 530 0 850 645 1474 1001 1221 1001 1816 1020 627 
705 759 747 731 856 472 1722 744 716 524 765 753 1544 531 538 600 1684 1442 1073 679 0 268 1037 982 846 654 1379 673 582 
766 810 641 760 828 444 1694 686 512 418 607 695 1486 302 400 606 1758 1304 1045 651 275 0 899 1003 887 426 1241 445 601 
1036 732 563 790 1421 1037 2037 1309 507 825 967 1135 1716 610 637 1094 1337 1095 1543 1244 661 833 0 1170 724 543 818 646 1223 
1593 1593 983 1565 1198 771 1740 1436 1301 1319 1434 1088 1794 1129 884 1356 2189 1947 1246 1021 1102 897 1378 0 1692 1226 1669 1272 928 
722 390 838 354 1400 1093 1947 1001 540 875 653 1010 1435 606 912 780 1268 1026 1317 1084 633 795 878 1445 0 658 1187 692 1081 
756 568 457 562 1117 733 1887 1094 342 346 488 1014 1607 259 587 901 1376 1134 1334 940 382 529 786 1119 689 0 1072 86 843 
1567 1263 1088 1468 1952 1568 2562 1840 1037 1350 1492 1666 2247 1141 1162 1625 1448 1206 2068 1775 1192 1364 1026 1695 1279 1068 0 1171 1689 
731 477 698 471 1026 642 1796 914 254 455 507 923 1559 160 707 785 1288 1046 1243 849 291 438 642 1152 598 235 984 0 752 
1107 1084 703 1055 893 348 1597 961 903 809 998 644 1522 693 604 881 1937 1695 1103 716 666 461 1098 902 1182 817 1389 836 0 
