45
13
730.68 19895.35
6 10 14 11 0 7 12 21 0 8 19 0 15 3 4 5 0 16 13 0 17 23 0 18 1 9 2 0 20 22 0 0 0 0 0 0 0 0 0 0 0 0 0 0 0 
730.68 19895.35
6 10 14 11 0 7 12 21 0 8 19 0 15 3 4 5 0 16 13 0 17 23 0 18 1 9 2 0 20 22 0 0 0 0 0 0 0 0 0 0 0 0 0 0 0 
1 3 1 1 2 0 0 0 2 1 3 2 1 2 0 0 0 0 1 0 3 2 1
0 0 0 -1 0 0 0 0 0 0 

0 29.77 22.82 6.62 4.7 5.85 28.91 49.16 31.49 32.57 11.87 23.27 34.21 29.55 5.09 10.64 38.06 22.66 8.67 25.79 63.11 66.85 12.71 46.61
35.38 0 33.83 33.69 38.85 36.86 15.46 62.48 38.78 10.31 26.26 33.35 47.99 36.69 30.04 28.87 59.3 55.39 25.78 64.51 79.99 71.84 30.71 33.81
19.81 31.08 0 26.44 25.67 12.34 20.5 29.47 51.48 30.34 14.84 4.89 15.27 49.21 11.14 22.88 18.3 21.2 25.3 41.09 39.55 47.51 24.82 31.7
5.28 27.68 26.62 0 3 9.64 28.27 53.94 24.5 31.93 9.42 27.07 38 22.52 10.95 7.11 43.22 26.56 5.54 24.47 67.76 71.37 9.22 38.63
2.37 28.46 23.02 6.06 0 5.01 28.16 49.09 30.2 31.84 11.03 22.62 33.89 28.24 4.22 9.35 37.74 22.25 7.37 25.29 63.11 66.84 11.43 38.32
3.95 30.8 15.04 8.9 9.24 0 32.9 42.66 32.51 36.51 13.92 15.51 28.5 30.57 10.5 11.65 32.46 16.64 9.69 25.52 56.92 60.81 13.71 52.48
28.83 13.32 21.6 28.64 33.89 31.11 0 42.16 32.77 7.19 15.79 18.5 30.42 30.84 21.21 20.04 39.58 48.14 20.56 56.15 63.27 56.52 21.98 18.46
46.28 54.55 22.3 53.27 53.07 38.04 35.29 0 74.44 46.55 41.19 21 14.67 72.32 38.17 50.44 25.98 34.96 51.28 70.61 11.95 17.08 52.31 18.12
31.3 30.36 53.7 24.15 27.77 32.78 32.61 80.1 0 36.27 33.52 51.24 64.68 2.88 33.84 24.88 69.24 50.67 21.53 31.96 91.55 91.21 26.75 51.61
35.4 3.44 31.63 33.72 38.87 36.89 14 55.58 38.88 0 28.05 28.66 41.21 36.72 30.05 29.09 52.12 55.5 25.8 64.62 75.92 67.69 30.92 29.9
10.2 24.6 17.32 7.53 13.26 11.99 14.99 47.66 32.72 25.06 0 16.79 32.72 30.78 3.02 3.89 36.05 28.75 5.4 35.94 59.9 65.41 5.22 28.51
21.52 31.76 3.86 28.42 26.88 14.47 15.23 28.32 52.47 25.29 16.07 0 11.06 50.21 12.46 24.06 21.06 26.46 26.73 43.25 42.15 44.22 25.99 22.29
30.35 41.02 7.7 36.69 36.45 23.82 24.67 19.27 61.52 34.61 26.95 5.08 0 59.33 27.97 34.8 8.88 19.6 35.76 54.63 30.09 35.53 36.57 29.43
22.51 21.48 40.36 15.13 18.84 24 23.85 68.91 21.05 27.61 24.82 40.63 54.8 0 25.1 15.85 59.39 40.34 12.36 39.4 82.26 82.13 17.82 41.29
5.18 28.17 13.23 13.34 10.94 8.69 18.25 45.42 36.18 28.18 4.84 13.64 30.93 34.26 0 8.4 34.27 25.67 11.28 32.14 55.75 68.61 10.49 30.19
11.11 25.19 25.63 9.11 14.81 12.57 19.06 55.43 30.06 25.64 6.8 25.12 39.3 28.12 9.56 0 43.5 29.3 2.14 37.31 67.9 74.46 1.31 32.31
35.14 55 18.6 41.75 41.46 29.09 36.48 26.91 66.95 47.15 37.05 17.9 12.23 64.79 33.69 42.19 0 19.53 42.56 54.38 23.51 33.61 44.14 42.57
19.16 48.68 24.03 25.82 25.56 12.72 45.33 36.24 50.44 49.79 28.52 28.37 22.91 48.17 24.12 28.36 20.73 0 26.55 41.29 39.9 51.09 30.24 54.24
7.02 25.31 25.61 5.33 10.78 8.51 22.02 53.3 29.24 25.77 9.27 26.06 37.12 27.28 10.67 1.49 42.48 25.55 0 33.72 66.2 70.84 2.83 37.22
25.95 54.35 41.41 24.44 22.03 24.61 56.57 71.53 27.18 60.92 38.69 41.97 56.07 39.56 31.91 38.62 57.85 41.86 34.79 0 80.67 87.78 40.39 75.18
44.48 58.22 24.77 51.83 51.55 37.26 38.68 1.55 77.84 50.31 44.98 23.47 17.32 75.74 41.31 54.13 23.73 32.8 52.61 69.77 0 14.77 55.97 21.6
63.3 69.22 41.52 70.14 71.76 56.39 54.05 14.09 93.96 65.09 68.85 40.17 34 92 64.16 71.47 30.25 52.44 70.86 88.44 13.72 0 73.13 35.49
9.11 26.25 27.54 7.09 12.84 10.59 20.11 55.44 31.15 26.71 8.12 26.34 39.15 29.21 10.86 1.98 44.7 27.48 0.83 35.57 69.23 72.83 0 36.21
52.43 33.89 29.51 39.7 58.52 52.27 17.82 25.59 57.42 27.78 27.86 24.42 30.47 55.19 33.73 31.01 43.77 53.91 43.03 83.3 43.08 34.43 32.84 0

0 839 1021 480 381 476 1004 1405 945 1061 633 1027 1145 892 402 653 1295 999 584 1059 1608 1957 763 1475
1073 0 1392 1072 1241 1014 750 1622 1094 600 1156 1361 1603 1041 974 1027 1824 1546 780 1941 1855 1802 1134 1266
857 1201 0 1085 1044 602 910 1032 1422 1182 733 396 667 1368 634 1009 660 921 1035 1383 1047 1542 1119 1437
427 815 1058 0 239 513 1020 1451 906 1077 572 1064 1191 853 574 519 1308 1045 450 1028 1654 2003 629 1729
186 799 952 442 0 384 934 1322 905 991 563 997 1062 852 333 623 1212 916 554 1021 1525 1874 733 1701
317 815 738 529 555 0 1071 1180 921 1128 682 744 920 868 593 629 1070 774 560 862 1383 1732 739 1523
1017 653 1022 1064 1233 1004 0 1273 1036 500 863 926 1185 982 780 833 1472 1592 773 1835 1818 1653 940 821
1522 1329 723 1609 1513 1119 973 0 1739 1227 1420 653 707 1685 1335 1420 884 1147 1518 1900 513 748 1527 654
948 800 1613 837 845 888 948 1826 0 1005 1051 1439 1772 214 940 772 1658 1420 655 1544 1893 2251 879 1419
1054 280 1219 1053 1222 995 706 1525 1075 0 1132 1123 1426 1022 955 878 1713 1527 761 1922 1771 1718 985 1073
598 766 860 523 692 566 757 1417 931 781 0 829 1053 877 241 313 1085 1098 431 1449 1721 1969 423 1356
996 1139 308 1179 1136 696 765 1053 1477 1037 820 0 580 1423 726 1096 867 1103 1214 1477 1213 1605 1206 1063
960 1396 478 1188 1178 976 948 690 1733 1220 1144 362 0 1679 943 1176 509 812 1274 1552 1045 1242 1283 1188
734 586 1219 623 631 674 734 1657 655 791 837 1309 1558 0 726 558 1444 1206 441 1019 1679 2037 665 1205
415 875 769 730 555 486 857 1399 1040 1130 388 761 1035 986 0 521 1067 1018 639 1233 1619 1873 631 1452
621 901 1142 602 771 562 909 1618 1011 916 481 1111 1254 958 550 0 1286 1094 168 1529 1673 2052 102 1508
1092 1680 740 1320 1310 926 1287 799 1619 1559 1386 701 613 1566 1287 1335 0 942 1351 1402 677 1096 1442 1373
778 1292 1071 1006 996 612 1496 1191 1398 1553 1125 1020 931 1345 985 1106 957 0 1037 1370 1189 1608 1216 1692
452 858 938 433 602 393 816 1331 875 873 537 944 1071 822 543 117 1188 925 0 1360 1648 1883 224 1691
1054 1529 1405 964 866 792 1678 1857 1247 1735 1504 1411 1597 1275 1201 1489 1494 1451 1461 0 1729 2409 1599 2149
1220 1452 890 1448 1438 1054 1096 122 1862 1350 1542 819 654 1808 1457 1542 809 1072 1479 1812 0 737 1649 777
1691 1709 1276 1919 1945 1525 1538 552 2292 1792 1880 1206 1125 2238 1740 1973 925 1555 1950 2070 651 0 2080 1235
518 897 1004 499 668 459 905 1397 941 912 516 1146 1137 888 585 156 1254 991 65 1426 1708 1949 0 1670
1482 1104 1360 1836 1622 1513 782 918 1501 1036 1350 1193 1359 1447 1521 1484 1412 1762 1238 2294 1170 1182 1591 0
