85
13
474.340000
37 12 0 15 5 2 32 0 26 10 27 0 20 23 21 40 0 11 36 25 38 0 16 3 14 13 0 1 19 41 30 0 29 34 4 17 0 42 6 39 18 0 28 9 7 43 0 8 22 31 35 0 33 0 24 0 0 0 0 0 0 0 0 0 0 0 0 0 0 0 0 0 0 0 0 0 0 0 0 0 0 0 0 0 0 

0 5.55 1.95 13.37 7.88 2.02 17.66 23.56 28.75 13.79 2.52 3.89 1.74 14.92 14.19 1.42 4.4 21.6 29.43 14.47 3.83 6.3 32.44 4.98 57.55 6.73 1.54 2.85 13.43 6.09 17.73 57.55 3.56 30.79 10.87 47.25 8.52 0.75 6.82 14.84 6.87 18.19 13.32 21.13
5.55 0 3.23 7.14 15.39 2.94 20.63 17.71 29.16 4.44 11.53 5.76 1.81 4.91 5.03 1.8 3.81 27.29 32.15 3.21 1.48 1.77 37.77 1.5 55.82 1.74 11.62 11.38 4.08 13.18 6.94 62.71 3.43 42.84 18.85 53.43 3.14 4.92 0.7 21.9 1.92 7.4 18.89 20.15
1.95 3.23 0 6.81 5.08 0.68 22.04 17.78 25.01 15.19 9.53 8.33 2.61 8.3 7.55 1.41 0.97 18.33 33.41 11.73 5.9 8.32 29.18 7.01 53.48 8.74 4.59 9.87 14.84 3.54 12.26 52.56 0.75 38.52 8.35 43.14 9.93 3.18 7.26 22.4 8.88 12.72 16.91 17.32
13.37 7.14 6.81 0 7.17 6.86 25.34 9.76 19.57 15.96 19.16 12.97 9.53 3.92 0.76 8.4 1.57 20.79 38.16 12.1 7.17 8.51 28.62 7.19 45.94 8.93 15.04 19.6 15.76 9.25 10.35 52.98 2.03 47.88 12.47 43.54 10.42 13.25 8.09 26.62 9.07 8.93 23.52 11.78
7.88 15.39 5.08 7.17 0 5.78 28.99 17.96 23.15 25.53 12.26 15.42 10.58 13.4 11.32 7.7 3.11 13.24 34.61 21.19 15.58 17.71 23.79 16.43 51.16 18.13 7.3 12.59 25.25 1.68 19.49 46.45 3.53 40.69 3.01 36.89 19.25 5.96 18.13 24.24 18.26 18.11 23.97 15.5
2.02 2.94 0.68 6.86 5.78 0 19.4 19.44 28.46 13.88 8.37 6.39 1.97 10.29 9.52 0.73 1.48 20.18 31.08 11.94 4.09 6.72 31 5.25 55.78 7.14 4.46 8.23 13.53 5.79 12.46 54.84 1.25 36.24 10.57 45.46 9.15 1.71 6.02 20.54 7.29 12.92 15.02 19.53
17.66 20.63 22.04 25.34 28.99 19.4 0 38.37 52.77 20.89 8.85 11.49 17.85 28.53 27.62 17.33 24.25 43.13 10.15 27.28 16.45 14.88 56.53 14.22 79.5 13.56 17.16 13.86 20.47 24.04 34.95 86.03 24.65 22.8 31.48 63.41 12.09 15.78 19.83 1.51 14.72 33.31 1.78 41.66
23.56 17.71 17.78 9.76 17.96 19.44 38.37 0 3.8 21.68 29.84 25.68 22.38 9.04 7.89 20.9 12.34 25.49 53.84 18.89 20.07 21.37 23.78 20.09 31.03 21.78 24.74 29.69 21.39 19.02 12.99 50.1 13.53 59.56 21.51 49.29 23.26 23.5 21.48 41.07 23.61 11.58 37.09 1.3
28.75 29.16 25.01 19.57 23.15 28.46 52.77 3.8 0 29.91 39.52 33.98 30.6 18.03 18.16 29.15 20.74 25.05 63.73 27.17 28.32 29.58 19.72 28.34 29.92 30 31.3 39.3 29.62 24.55 20.49 44.75 21.9 64.33 26.84 46.14 31.46 31.71 30.03 51.16 31.8 19.12 47.21 1.56
13.79 4.44 15.19 15.96 25.53 13.88 20.89 21.68 29.91 0 14.58 8.37 7.44 5.53 12.69 10.08 14.93 39.27 32.54 4.08 6.63 2.48 45.92 4.84 58.76 2.69 17.74 17.52 1.05 23.64 8.74 70.58 13.85 41.93 28.21 65.55 3.85 11.17 1.96 22.36 2.63 10.34 18.86 23.21
2.52 11.53 9.53 19.16 12.26 8.37 8.85 29.84 39.52 14.58 0 3.45 6.35 21.83 22.43 5.8 12.89 29.34 17.21 20.87 9.15 10.41 36.41 9.03 67.6 9.06 1.99 1 15.79 8.94 25.29 63.84 11.98 21.6 13.68 46.51 7.32 1.68 13.74 6.43 9.64 26.44 5.73 29.32
3.89 5.76 8.33 12.97 15.42 6.39 11.49 25.68 33.98 8.37 3.45 0 3.43 13.22 13.45 6.11 10.54 31.22 24.47 13.14 1.94 1.73 44.55 1.39 62.56 1.28 11.15 8.48 5.87 17.13 17.67 69.2 10.27 29.34 21.79 59.12 1.08 5.74 5.08 13.9 1.59 17.93 7.72 25.63
1.74 1.81 2.61 9.53 10.58 1.97 17.85 22.38 30.6 7.44 6.35 3.43 0 13.24 14.6 1.59 6.27 25.61 27.99 12.31 1.9 2.68 37.57 1.91 62.56 3.1 5.28 5.04 9.08 11.35 17.22 62.51 5.93 32.54 16.08 49.66 5.13 0.87 5.09 17.46 3.25 17.68 12.75 25.14
14.92 4.91 8.3 3.92 13.4 10.29 28.53 9.04 18.03 5.53 21.83 13.22 13.24 0 1.72 11.83 4.25 30.32 42.95 2.35 10.61 9.98 32.19 9.86 45.28 10.72 18.5 22.51 5.7 13.87 1.61 57.38 5.47 50.82 18.55 52.69 12.19 16.21 4 30.4 10.72 1.19 25.76 11.52
14.19 5.03 7.55 0.76 11.32 9.52 27.62 7.89 18.16 12.69 22.43 13.45 14.6 1.72 0 10.91 3.37 23.6 41.01 9.76 9.69 11.02 29.7 9.71 44.71 11.44 17.49 22.02 13.17 11.75 7.66 54.12 4.59 50.65 14.94 44.72 12.92 15.73 5.98 28.99 11.58 6.22 25.91 10.08
1.42 1.8 1.41 8.4 7.7 0.73 17.33 20.9 29.15 10.08 5.8 6.11 1.59 11.83 10.91 0 2.04 22.42 28.59 10.2 1.95 4.19 33.34 2.73 59.21 4.61 4.88 5.58 11.36 8.11 13.96 58.37 1.84 33.12 12.86 48.1 6.64 1.02 3.48 17.98 4.76 14.42 12.41 23.03
4.4 3.81 0.97 1.57 3.11 1.48 24.25 12.34 20.74 14.93 12.89 10.54 6.27 4.25 3.37 2.04 0 18.09 37.09 12.06 6.17 8.59 28.97 7.28 47.36 9.01 8.04 13.06 15.11 3.27 10.53 53.31 0.25 43.29 8.1 42.94 10.77 6.62 7.9 25.25 9.15 9.11 19.8 13.35
21.6 27.29 18.33 20.79 13.24 20.18 43.13 25.49 25.05 39.27 29.34 31.22 25.61 30.32 23.6 22.42 18.09 0 40.77 39.24 28.44 30.76 5.58 29.54 62.5 31.18 16.54 27.34 39.76 10.48 33.27 28.44 17.62 30 3.9 18.65 32.01 21.6 31.31 44.49 31.29 31.96 38 25.82
29.43 32.15 33.41 38.16 34.61 31.08 10.15 53.84 63.73 32.54 17.21 24.47 27.99 42.95 41.01 28.59 37.09 40.77 0 41.52 29.69 27.48 54.45 26.87 103.84 26.22 23.83 19.46 32.91 29.29 50.54 75.87 40.04 13.68 28.74 55.13 24.77 28.52 32.47 8.15 27.34 48.96 12.4 57.16
14.47 3.21 11.73 12.1 21.19 11.94 27.28 18.89 27.17 4.08 20.87 13.14 12.31 2.35 9.76 10.2 12.06 39.24 41.52 0 12.14 11.17 42.26 11.28 55.11 12.58 20.85 22.13 6.07 21.77 1.99 66.97 12.03 52.15 26.33 62.9 13.55 17.54 5.22 31.26 11.74 1.76 26.48 19.46
3.83 1.48 5.9 7.17 15.58 4.09 16.45 20.07 28.32 6.63 9.15 1.94 1.9 10.61 9.69 1.95 6.17 28.44 29.69 12.14 0 1.36 38.11 0.07 56.15 1.33 8.33 8.09 4.84 14.36 11.25 63.03 4.38 36.13 19.05 53.19 1.78 1.57 1.32 17.3 1.51 11.71 12.33 20.46
6.3 1.77 8.32 8.51 17.71 6.72 14.88 21.37 29.58 2.48 10.41 1.73 2.68 9.98 11.02 4.19 8.59 30.76 27.48 11.17 1.36 0 42.54 1.1 60.44 0.48 11.5 12.09 2.25 17.48 11.89 67.25 8.16 33.67 22.13 57.69 1.35 5.64 1.55 15.19 0.13 12.35 11.98 24.1
32.44 37.77 29.18 28.62 23.79 31 56.53 23.78 19.72 45.92 36.41 44.55 37.57 32.19 29.7 33.34 28.97 5.58 54.45 42.26 38.11 42.54 0 40.3 61.65 42.38 28.28 37.09 46.13 21.63 39.7 16.65 29.53 40.53 16.37 20.99 44.32 36.86 42.53 59.51 44.71 38.08 52.7 23.41
4.98 1.5 7.01 7.19 16.43 5.25 14.22 20.09 28.34 4.84 9.03 1.39 1.91 9.86 9.71 2.73 7.28 29.54 26.87 11.28 0.07 1.1 40.3 0 57.99 1.3 8.3 8.07 4.54 14.33 12.32 64.84 4.98 33.76 19.02 53.13 1.75 1.54 1.76 16.68 1.49 13.24 12.04 22.04
57.55 55.82 53.48 45.94 51.16 55.78 79.5 31.03 29.92 58.76 67.6 62.56 62.56 45.28 44.71 59.21 47.36 62.5 103.84 55.11 56.15 60.44 61.65 57.99 0 59.79 62.41 68.69 59.48 55.76 53.16 77.44 49.64 97.69 58.71 91.1 61.71 61.41 59.96 80.95 62.08 51.58 76.71 26.15
6.73 1.74 8.74 8.93 18.13 7.14 13.56 21.78 30 2.69 9.06 1.28 3.1 10.72 11.44 4.61 9.01 31.18 26.22 12.58 1.33 0.48 42.38 1.3 59.79 0 13.35 11.11 2.31 19.31 13.22 69 10.02 31.85 23.93 59.44 0.93 6.95 1.64 13.87 0.31 13.68 10.3 25.38
1.54 11.62 4.59 15.04 7.3 4.46 17.16 24.74 31.3 17.74 1.99 11.15 5.28 18.5 17.49 4.88 8.04 16.54 23.83 20.85 8.33 11.5 28.28 8.3 62.41 13.35 0 2.09 18.32 2.32 20.84 51.22 6.8 27.73 5.86 39.12 13.48 1.26 11.81 14.24 11.85 21.3 13.56 24.4
2.85 11.38 9.87 19.6 12.59 8.23 13.86 29.69 39.3 17.52 1 8.48 5.04 22.51 22.02 5.58 13.06 27.34 19.46 22.13 8.09 12.09 37.09 8.07 68.69 11.11 2.09 0 16.35 7.02 23.8 61.59 10.03 24.83 11.78 44.21 7.9 0.95 11.8 8.59 10.22 25.19 7.89 27.45
13.43 4.08 14.84 15.76 25.25 13.53 20.47 21.39 29.62 1.05 15.79 5.87 9.08 5.7 13.17 11.36 15.11 39.76 32.91 6.07 4.84 2.25 46.13 4.54 59.48 2.31 18.32 16.35 0 26.7 11.84 73.97 17.53 40.26 31.22 68.64 2.36 14.26 4.25 20.95 3.29 13.44 17.53 26.21
6.09 13.18 3.54 9.25 1.68 5.79 24.04 19.02 24.55 23.64 8.94 17.13 11.35 13.87 11.75 8.11 3.27 10.48 29.29 21.77 14.36 17.48 21.63 14.33 55.76 19.31 2.32 7.02 26.7 0 19.69 44.13 3.45 31.64 1.57 31.12 18.59 5.85 17.85 21 17.87 18.31 20.34 20.01
17.73 6.94 12.26 10.35 19.49 12.46 34.95 12.99 20.49 8.74 25.29 17.67 17.22 1.61 7.66 13.96 10.53 33.27 50.54 1.99 11.25 11.89 39.7 12.32 53.16 13.22 20.84 23.8 11.84 19.69 0 63.47 10.3 53.13 23.19 58.08 14.46 18.44 5.94 32.13 12.44 0.4 27.89 15.99
57.55 62.71 52.56 52.98 46.45 54.84 86.03 50.1 44.75 70.58 63.84 69.2 62.51 57.38 54.12 58.37 53.31 28.44 75.87 66.97 63.03 67.25 16.65 64.84 77.44 69 51.22 61.59 73.97 44.13 63.47 0 52.4 60.89 37.1 23.98 67.81 60.27 66.09 82.52 68.18 62.29 75.55 46.66
3.56 3.43 0.75 2.03 3.53 1.25 24.65 13.53 21.9 13.85 11.98 10.27 5.93 5.47 4.59 1.84 0.25 17.62 40.04 12.03 4.38 8.16 29.53 4.98 49.64 10.02 6.8 10.03 17.53 3.45 10.3 52.4 0 44.39 9.07 44.04 11.31 6.15 8.2 26.17 9.45 10.08 20.74 14.31
30.79 42.84 38.52 47.88 40.69 36.24 22.8 59.56 64.33 41.93 21.6 29.34 32.54 50.82 50.65 33.12 43.29 30 13.68 52.15 36.13 33.67 40.53 33.76 97.69 31.85 27.73 24.83 40.26 31.64 53.13 60.89 44.39 0 27.15 35.83 33.05 25.62 38.96 16.12 35.75 55.77 21.19 62.1
10.87 18.85 8.35 12.47 3.01 10.57 31.48 21.51 26.84 28.21 13.68 21.79 16.08 18.55 14.94 12.86 8.1 3.9 28.74 26.33 19.05 22.13 16.37 19.02 58.71 23.93 5.86 11.78 31.22 1.57 23.19 37.1 9.07 27.15 0 27.43 24.3 11.76 23.58 26.65 27.67 24.01 28.98 23.56
47.25 53.43 43.14 43.54 36.89 45.46 63.41 49.29 46.14 65.55 46.51 59.12 49.66 52.69 44.72 48.1 42.94 18.65 55.13 62.9 53.19 57.69 20.99 53.13 91.1 59.44 39.12 44.21 68.64 31.12 58.08 23.98 44.04 35.83 27.43 0 59.82 42.24 58.08 59.44 60.2 57.69 63.01 46.63
8.52 3.14 9.93 10.42 19.25 9.15 12.09 23.26 31.46 3.85 7.32 1.08 5.13 12.19 12.92 6.64 10.77 32.01 24.77 13.55 1.78 1.35 44.32 1.75 61.71 0.93 13.48 7.9 2.36 18.59 14.46 67.81 11.31 33.05 24.3 59.82 0 5.76 3.64 12.13 1.32 16.54 8.56 24.26
0.75 4.92 3.18 13.25 5.96 1.71 15.78 23.5 31.71 11.17 1.68 5.74 0.87 16.21 15.73 1.02 6.62 21.6 28.52 17.54 1.57 5.64 36.86 1.54 61.41 6.95 1.26 0.95 14.26 5.85 18.44 60.27 6.15 25.62 11.76 42.24 5.76 0 6.04 12.41 6.09 19.62 11.72 22.78
6.82 0.7 7.26 8.09 18.13 6.02 19.83 21.48 30.03 1.96 13.74 5.08 5.09 4 5.98 3.48 7.9 31.31 32.47 5.22 1.32 1.55 42.53 1.76 59.96 1.64 11.81 11.8 4.25 17.85 5.94 66.09 8.2 38.96 23.58 58.08 3.64 6.04 0 21.62 2.14 6.07 18.08 21.27
14.84 21.9 22.4 26.62 24.24 20.54 1.51 41.07 51.16 22.36 6.43 13.9 17.46 30.4 28.99 17.98 25.25 44.49 8.15 31.26 17.3 15.19 59.51 16.68 80.95 13.87 14.24 8.59 20.95 21 32.13 82.52 26.17 16.12 26.65 59.44 12.13 12.41 21.62 0 18.81 38.2 3.38 46.48
6.87 1.92 8.88 9.07 18.26 7.29 14.72 23.61 31.8 2.63 9.64 1.59 3.25 10.72 11.58 4.76 9.15 31.29 27.34 11.74 1.51 0.13 44.71 1.49 62.08 0.31 11.85 10.22 3.29 17.87 12.44 68.18 9.45 35.75 27.67 60.2 1.32 6.09 2.14 18.81 0 13.7 11.45 26.48
18.19 7.4 12.72 8.93 18.11 12.92 33.31 11.58 19.12 10.34 26.44 17.93 17.68 1.19 6.22 14.42 9.11 31.96 48.96 1.76 11.71 12.35 38.08 13.24 51.58 13.68 21.3 25.19 13.44 18.31 0.4 62.29 10.08 55.77 24.01 57.69 16.54 19.62 6.07 38.2 13.7 0 29.35 15.03
13.32 18.89 16.91 23.52 23.97 15.02 1.78 37.09 47.21 18.86 5.73 7.72 12.75 25.76 25.91 12.41 19.8 38 12.4 26.48 12.33 11.98 52.7 12.04 76.71 10.3 13.56 7.89 17.53 20.34 27.89 75.55 20.74 21.19 28.98 63.01 8.56 11.72 18.08 3.38 11.45 29.35 0 36.88
21.13 20.15 17.32 11.78 15.5 19.53 41.66 1.3 1.56 23.21 29.32 25.63 25.14 11.52 10.08 23.03 13.35 25.82 57.16 19.46 20.46 24.1 23.41 22.04 26.15 25.38 24.4 27.45 26.21 20.01 15.99 46.66 14.31 62.1 23.56 46.63 24.26 22.78 21.27 46.48 26.48 15.03 36.88 0
