0 631 995 614 1070 1065 1796 587 800 772 563 870 1532 643 1131 502 1382 1140 1148 888 588 861 1138 1575 738 755 1507 742 1175 
679 0 1057 328 1380 1047 1902 1135 514 754 648 965 1415 467 886 735 1336 1094 1272 1039 649 750 852 1520 419 534 1194 553 1035 
906 960 0 932 1286 902 1747 1129 748 298 870 1076 1954 577 347 1087 1636 1394 1253 1109 425 585 824 880 1059 589 1116 627 838 
853 599 480 0 1037 653 1807 925 182 513 629 934 1666 226 554 808 1216 974 1254 860 276 449 520 1087 674 293 862 312 763 
878 1270 1534 1218 0 844 1219 430 1405 1287 1173 518 947 1164 1351 744 1836 1626 571 582 1103 943 1743 1326 1372 1288 2085 1307 952 
944 944 819 916 903 0 1525 787 690 596 785 569 1447 480 656 707 1936 1482 972 578 453 248 1077 957 1043 604 1419 623 209 
1930 2134 2037 2106 1258 1535 0 1537 2103 2009 2130 1476 1807 1893 1938 1732 2351 2591 844 1395 1866 1661 2432 1460 2233 2017 2546 2036 1643 
535 1151 1301 939 560 860 1442 0 1131 1037 1084 566 1017 921 1008 390 1846 1482 854 593 894 600 1463 1346 1258 1045 1805 1064 987 
867 563 704 515 1209 825 1979 1097 0 684 735 1057 1547 397 890 925 1400 931 1426 1032 448 621 744 1311 555 504 1248 483 935 
699 809 370 699 1080 696 1850 968 583 0 546 977 1747 324 641 823 1552 1310 1297 903 219 492 973 1134 826 340 1265 327 806 
528 441 767 412 1103 956 1811 865 493 396 0 874 1509 254 772 672 1471 1229 1181 948 565 659 881 1304 539 366 1223 353 944 
753 936 1214 907 570 550 1296 542 1099 1005 932 0 1030 889 976 462 1919 1831 648 416 862 568 1363 1032 966 1013 1705 1032 703 
1362 1397 1895 1344 859 1351 1733 1163 1531 1727 1613 959 0 1573 1691 1449 1297 1748 1192 1038 1543 1283 1869 1833 1498 1648 2211 1659 1441 
746 504 570 498 1053 669 1823 941 236 338 534 853 1501 0 734 812 1270 1028 1270 876 318 465 624 1179 625 118 966 137 779 
989 1033 694 983 989 605 1855 886 735 641 830 895 1686 525 0 806 1981 1527 1206 812 498 366 996 917 1007 649 1287 668 715 
344 709 893 680 868 802 1594 377 875 791 705 508 1335 665 950 0 1712 1470 946 686 621 542 1204 1312 807 810 1546 829 929 
1531 1219 1429 1194 1639 1700 2514 1629 1374 1508 1492 1739 1164 1272 1503 1620 0 606 1961 1818 1323 1496 1429 2036 1315 1339 1335 1358 1967 
1174 1045 1255 1020 1619 1526 2505 1320 1200 1334 1318 1769 1731 1098 1329 1567 651 0 1952 1847 1149 1322 1255 1862 938 1165 1161 1184 1636 
1154 1358 1254 1330 513 790 818 792 1358 1264 1354 700 1152 1148 1155 1009 2150 1988 0 587 1121 916 1649 1038 1457 1272 1940 1291 898 
864 1122 1216 1094 390 519 1178 674 1087 993 1118 464 1013 877 1053 719 2011 1827 530 0 850 645 1474 1001 1221 1001 1816 1020 627 
705 759 747 731 856 472 1722 744 716 524 765 753 1544 531 538 600 1684 1442 1073 679 0 268 1037 982 846 654 1379 673 582 
766 810 641 760 828 444 1694 686 512 418 607 695 1486 302 400 606 1758 1304 1045 651 275 0 899 1003 887 426 1241 445 601 
1036 732 563 790 1421 1037 2037 1309 507 825 967 1135 1716 610 637 1094 1337 1095 1543 1244 661 833 0 1170 724 543 818 646 1223 
1593 1593 983 1565 1198 771 1740 1436 1301 1319 1434 1088 1794 1129 884 1356 2189 1947 1246 1021 1102 897 1378 0 1692 1226 1669 1272 928 
722 390 838 354 1400 1093 1947 1001 540 875 653 1010 1435 606 912 780 1268 1026 1317 1084 633 795 878 1445 0 658 1187 692 1081 
756 568 457 562 1117 733 1887 1094 342 346 488 1014 1607 259 587 901 1376 1134 1334 940 382 529 786 1119 689 0 1072 86 843 
1567 1263 1088 1468 1952 1568 2562 1840 1037 1350 1492 1666 2247 1141 1162 1625 1448 1206 2068 1775 1192 1364 1026 1695 1279 1068 0 1171 1689 
731 477 698 471 1026 642 1796 914 254 455 507 923 1559 160 707 785 1288 1046 1243 849 291 438 642 1152 598 235 984 0 752 
1107 1084 703 1055 893 348 1597 961 903 809 998 644 1522 693 604 881 1937 1695 1103 716 666 461 1098 902 1182 817 1389 836 0 
