0 1720 906 1313 472 1124 1609 1167 736 563 1475 1044 1234 
2119 0 1230 1180 2004 944 1672 1516 1692 1554 492 963 944 
811 1216 0 1134 1183 731 1895 1203 922 846 907 511 730 
1322 1048 984 0 1409 705 965 881 1709 1531 1239 1203 1153 
405 1862 1048 1282 0 1337 1276 1077 872 756 1636 1186 1376 
1087 875 576 688 1480 0 1449 754 1301 1122 779 794 819 
1349 1608 1552 868 1121 1273 0 998 1806 1583 1497 1771 1650 
1079 1488 1122 796 1166 808 1323 0 1550 1556 1481 1340 1395 
567 1405 657 1554 841 1040 1902 1310 0 410 1096 729 919 
564 1572 801 1490 605 976 1718 1345 480 0 1331 896 1086 
1377 645 949 1366 1857 881 1581 1404 1326 1188 0 667 360 
985 824 686 1237 1116 723 1688 1306 888 750 514 0 525 
1094 757 582 1148 1338 634 1658 1217 1034 972 357 380 0 
