0 1721 142 633 1545 652 526 626 911 276 557 405 387 1169 1563 1737 1213 1166 1626 1698 1559 
1537 0 1443 1716 2346 1155 1734 1109 1361 1399 1686 1423 1470 1342 1506 1732 1147 1100 2263 1631 2195 
148 1577 0 624 1536 508 517 439 767 132 507 261 243 1025 1419 1593 1069 1022 1482 1554 1550 
592 1846 535 0 1275 810 699 752 1069 587 487 681 737 1294 1721 1895 1371 1324 1698 1891 1371 
1257 2263 1260 1241 0 1367 1190 1632 1474 1336 914 1230 1442 1980 1159 1164 1348 1300 814 857 337 
573 1188 479 752 1681 0 770 417 376 435 722 459 541 612 1110 1218 760 713 1289 1245 1636 
463 1786 466 687 1335 635 0 741 894 511 496 354 617 1374 1483 1565 1183 1136 1400 1754 1349 
724 1338 574 766 1967 591 887 0 797 490 935 675 493 801 1483 1639 1133 1086 1769 1618 1981 
644 1286 550 823 1759 70 841 488 0 506 793 530 612 683 1054 1296 704 657 1367 1189 1773 
280 1522 130 708 1651 501 565 449 760 0 570 254 188 970 1412 1586 1062 1015 1475 1547 1665 
439 1739 442 326 995 588 332 769 847 461 0 396 567 1311 1499 1673 1149 1102 1418 1611 1091 
335 1629 285 662 1514 478 428 584 737 291 565 0 397 1172 1389 1563 1039 992 1561 1524 1528 
292 1491 142 586 1660 510 574 418 769 123 579 263 0 939 1421 1595 1071 1024 1484 1556 1674 
899 1484 749 886 1896 385 1024 306 591 665 976 713 668 0 1360 1433 1010 963 1504 1495 1851 
1381 1487 1287 1560 1376 954 1628 1261 1061 1243 1465 1267 1349 1222 0 781 514 466 1292 661 1225 
1592 1708 1498 1771 1175 1018 1692 1436 1125 1454 1529 1478 1560 1440 618 0 842 745 624 478 1010 
1397 1356 1214 1661 1255 823 1497 1241 930 1170 1548 1194 1276 1245 406 651 0 417 1007 540 1104 
1143 1192 1049 1322 1301 760 1340 1023 862 1005 1266 1029 1111 984 452 697 46 0 1053 586 1150 
1472 2152 1378 1669 992 1026 1543 1482 1133 1334 1342 1358 1440 1639 997 837 1129 1138 0 815 971 
1480 1528 1386 1659 1086 1149 1800 1360 1256 1342 1655 1366 1448 1321 424 563 613 565 842 0 935 
1558 2140 1561 1475 580 1443 1491 1925 1624 1637 1148 1531 1743 2139 1036 1041 1225 1177 691 734 0 
