33
10
259.45 4927.85
6 1 7 2 0 3 4 5 11 16 9 0 8 17 10 15 0 12 13 14 0 0 0 0 0 0 0 0 0 0 0 0 0 
549.3 3941.85
3 1 0 4 0 5 6 0 7 2 8 0 9 0 10 11 0 12 13 0 14 15 0 16 17 0 0 0 0 0 0 0 0 
1 2 0 0 0 2 0 2 0 0 1 0 2 0 1 0 2 
0 0 0 -1 0 2 0 0 0 0 

0 12.46 18.54 16.24 28.52 42.43 7.04 13.49 17.54 31.95 38.65 31.87 47.56 47.97 49.41 45.82 29.57 32.09 
12.36 0 7.15 22 35.45 55.27 5.47 2.71 30.2 43.1 50.39 44.62 60.85 61.21 60.48 57.79 40.74 43.25 
17.59 7.62 0 27.8 40.33 60.7 10.24 3.98 34.96 46.18 52.6 50.06 65.62 66.03 63.54 59.99 43.82 46.32 
16.09 23.42 27.89 0 13.93 32.58 20.35 24.56 26 34.74 43.81 34.36 45.63 49.7 51.86 48.28 34.68 37.26 
28.53 35.44 44.24 13.97 0 19.06 36.02 36.57 26.78 29.22 36.43 24.79 33.84 37.93 43.89 40.3 29.16 35.94 
41.57 55.08 60.37 32.6 19.58 0 49.47 55.87 31.02 32.15 36.39 16.73 18.31 22.76 32.58 30.79 32.09 40 
9.2 5.55 11.13 20.13 33.61 51.96 0 6.69 27.17 40.67 47.1 41.45 57.07 57.48 58.06 54.51 38.31 40.81 
16.05 6.07 5.17 25.79 39.56 58.8 9.45 0 33.04 44.26 50.69 48.14 63.72 64.13 61.64 58.09 41.9 44.41 
17.77 26.75 32.1 25.77 28.53 34.5 23.34 27.55 0 16.26 22.89 23.92 36.61 36.97 33.8 30.22 13.88 16.39 
32.24 42.08 47.4 37.11 33.71 31.02 39.99 42.88 15.51 0 7.26 17.18 24.92 25.25 18.47 14.86 0.09 6.43 
37.8 47.49 52.8 42.67 38.27 36.6 45.39 48.28 21.61 7.27 0 21.66 27.88 24.29 16.66 11.02 7.92 6.07 
30.38 43.38 49.66 34.04 23.02 17.01 38.32 44.69 19.19 15.33 19.04 0 17.74 19.8 21.26 17.64 15.27 24.39 
46.86 60.35 65.63 45.75 32.72 17.16 55.02 61.14 34.62 24.23 27.8 14.68 0 9.64 18.89 21.25 24.17 32.43 
48.04 61.53 66.81 50.22 37.21 26.62 55.92 62.32 35.8 25.14 24.07 17.72 9.66 0 9.41 16.81 25.36 28.72 
49.57 59.21 64.5 54.42 42.49 34.74 57.13 60 33.45 18.45 17.2 21.53 18.88 9.39 0 10.1 19.08 21.86 
45.98 55.65 60.94 50.84 38.89 34.76 53.56 56.44 29.85 14.82 10.92 19.02 21.21 16.87 10.07 0 15.46 15.59 
29.77 39.48 44.81 34.64 33.65 30.96 37.38 40.28 13.55 0.09 7.94 17.12 24.86 25.23 19.11 15.5 0 7.06 
32.5 42.21 47.53 37.37 37.98 40.01 40.11 43 16.29 6.45 6.1 28.87 33.03 29.45 21.84 16.22 7.08 0 

0 278 395 314 488 773 164 312 348 582 649 533 814 793 814 752 560 550 
287 0 234 498 723 1074 192 118 631 884 931 809 1094 1091 1117 1041 862 851 
390 235 0 598 831 1112 293 150 696 909 976 905 1186 1165 1142 1086 887 876 
298 482 617 0 294 637 426 518 487 676 729 630 788 863 911 849 689 630 
486 712 875 306 0 392 665 748 525 605 740 543 613 688 799 737 618 647 
700 1036 1152 645 399 0 864 1043 538 604 697 329 369 473 640 567 617 659 
222 169 321 444 670 989 0 205 564 842 909 749 1030 1009 1075 1019 820 809 
344 189 195 588 803 1082 265 0 666 879 946 875 1156 1135 1112 1056 857 846 
327 497 612 531 589 618 462 504 0 388 471 423 692 689 621 565 366 355 
555 785 901 629 602 591 749 792 312 0 187 329 450 456 309 252 27 185 
605 835 951 680 693 666 799 842 367 202 0 404 506 436 279 176 208 170 
444 728 866 596 458 387 608 756 292 284 372 0 335 360 381 319 297 443 
765 1092 1208 801 574 427 904 1099 624 458 509 317 0 282 438 465 471 604 
764 1091 1207 891 664 536 928 1098 623 445 439 323 287 0 228 323 470 534 
785 1015 1131 860 784 684 979 1022 547 301 279 397 434 223 0 179 328 374 
723 954 1070 799 719 605 918 961 486 240 170 370 449 317 170 0 267 265 
539 768 884 614 612 601 732 775 300 28 213 339 460 457 337 280 0 213 
540 770 886 615 640 661 734 777 302 192 179 523 611 541 384 281 219 0 
