0 278 395 314 488 773 164 312 348 582 649 533 814 793 814 752 560 550 
287 0 234 498 723 1074 192 118 631 884 931 809 1094 1091 1117 1041 862 851 
390 235 0 598 831 1112 293 150 696 909 976 905 1186 1165 1142 1086 887 876 
298 482 617 0 294 637 426 518 487 676 729 630 788 863 911 849 689 630 
486 712 875 306 0 392 665 748 525 605 740 543 613 688 799 737 618 647 
700 1036 1152 645 399 0 864 1043 538 604 697 329 369 473 640 567 617 659 
222 169 321 444 670 989 0 205 564 842 909 749 1030 1009 1075 1019 820 809 
344 189 195 588 803 1082 265 0 666 879 946 875 1156 1135 1112 1056 857 846 
327 497 612 531 589 618 462 504 0 388 471 423 692 689 621 565 366 355 
555 785 901 629 602 591 749 792 312 0 187 329 450 456 309 252 27 185 
605 835 951 680 693 666 799 842 367 202 0 404 506 436 279 176 208 170 
444 728 866 596 458 387 608 756 292 284 372 0 335 360 381 319 297 443 
765 1092 1208 801 574 427 904 1099 624 458 509 317 0 282 438 465 471 604 
764 1091 1207 891 664 536 928 1098 623 445 439 323 287 0 228 323 470 534 
785 1015 1131 860 784 684 979 1022 547 301 279 397 434 223 0 179 328 374 
723 954 1070 799 719 605 918 961 486 240 170 370 449 317 170 0 267 265 
539 768 884 614 612 601 732 775 300 28 213 339 460 457 337 280 0 213 
540 770 886 615 640 661 734 777 302 192 179 523 611 541 384 281 219 0 
