0 1721 142 633 1545 652 526 648 911 276 557 405 387 1169 1730 1545 1237 1321 1494 1666 1456 1831 1790 1617 2184 1156 1337 1636 
1537 0 1443 1716 2346 1155 1734 1109 1361 1399 1686 1423 1470 1342 1887 1407 1171 1255 1427 1638 1618 2011 1364 1151 1758 1337 1131 1069 
148 1577 0 624 1536 508 517 439 767 132 507 261 243 1025 1736 1401 1093 1177 1350 1543 1312 1687 1646 1473 2040 1012 1193 1492 
592 1846 535 0 1275 810 699 752 1069 587 487 681 737 1294 1626 1703 1395 1479 1652 1838 1614 1866 1948 1775 2373 1314 1495 1761 
1257 2263 1260 1241 0 1367 1190 1632 1474 1336 914 1230 1442 1980 592 1138 1373 1188 983 1317 1268 922 1566 1812 1339 1682 1339 2154 
573 1188 479 847 1681 0 770 417 376 435 722 459 541 612 1519 1092 784 868 1041 1168 891 1337 1337 1164 1731 703 884 1103 
463 1786 466 643 1335 635 0 741 894 511 496 354 617 1296 1520 1657 1207 1290 1460 1498 1238 1605 1709 1536 2236 1139 1315 1701 
724 1338 574 766 1967 591 887 0 797 490 935 675 493 801 2023 1465 1157 1241 1414 1608 1330 1758 1560 1347 1954 1030 1257 1253 
644 1286 550 918 1759 70 841 488 0 506 793 530 612 683 1597 1036 728 812 985 1246 947 1415 1281 1108 1675 647 828 1209 
280 1522 130 637 1651 501 565 449 760 0 570 254 188 970 1729 1394 1086 1170 1343 1536 1305 1680 1639 1466 2033 1005 1186 1437 
439 1739 442 326 995 588 332 769 847 461 0 396 567 1249 1346 1481 1173 1257 1430 1623 1392 1767 1726 1553 2093 1092 1273 1654 
335 1629 285 662 1514 478 428 584 737 291 565 0 397 1139 1706 1371 1063 1147 1320 1513 1282 1657 1616 1443 2010 982 1163 1544 
292 1491 142 586 1660 510 574 418 769 123 579 263 0 939 1738 1403 1095 1179 1352 1545 1314 1689 1648 1475 2042 1014 1195 1406 
899 1484 749 886 1896 385 1024 306 591 665 976 713 668 0 1734 1342 1034 1118 1291 1402 1207 1559 1437 1224 1831 907 1099 1130 
1639 1762 1642 1624 728 1192 1572 1771 1444 1623 1297 1612 1729 1615 0 637 872 687 482 816 672 467 1065 1311 838 1086 838 1653 
1442 1452 1348 1583 1206 868 1542 1286 975 1304 1379 1328 1410 1290 747 0 657 373 287 465 346 871 634 1001 1001 761 528 1343 
1367 1331 1273 1631 1274 793 1467 1211 900 1229 1518 1253 1335 1215 815 406 0 164 355 664 545 939 823 880 1069 686 431 1222 
1440 1488 1346 1619 1187 953 1627 1320 1060 1302 1464 1326 1408 1375 728 292 624 0 268 550 431 852 670 1037 982 846 654 1379 
1302 1350 1208 1481 1159 994 1499 1182 1101 1164 1424 1188 1270 1143 700 225 460 275 0 670 566 794 653 899 1003 887 426 1241 
1370 1816 1431 1773 1461 951 1627 1369 1058 1232 1464 1411 1493 1218 979 360 677 503 488 0 182 722 737 1086 1202 689 671 1428 
1321 1460 1227 1500 1272 747 1421 1165 854 1183 1529 1207 1289 1169 813 225 627 395 353 345 0 843 602 1137 1067 640 536 1429 
1723 1990 1629 1902 1123 1143 1756 1561 1250 1585 1593 1609 1691 1826 641 920 1144 970 676 544 727 0 1282 1539 1276 1142 1121 1881 
1540 1227 1446 1719 1854 1221 1771 1274 1328 1402 1608 1426 1508 1235 1171 424 905 650 606 819 699 1258 0 826 901 968 675 1118 
1297 927 1203 1476 1752 853 1527 973 960 1159 1364 1183 1265 934 1293 819 577 661 833 1044 1024 1417 776 0 1170 724 543 1006 
2091 1778 1997 2425 1529 1892 2348 1825 1999 1953 2098 1977 2097 1786 1070 1052 1287 1102 897 1476 1278 1290 995 1378 0 1692 1226 1669 
1077 1272 983 1256 1645 601 1246 904 780 939 1083 963 1045 865 1163 751 550 633 795 730 573 1108 1051 878 1445 0 658 1187 
1132 1181 1038 1311 1448 787 1329 1012 894 994 1255 1018 1100 973 989 581 218 382 529 851 720 1113 726 786 1119 689 0 1072 
1511 980 1417 1690 2283 1129 1708 1084 1431 1373 1660 1397 1445 1045 1824 1344 1108 1192 1364 1575 1555 1948 1301 1026 1695 1279 1068 0 
