0 266 386 485 703 635 733 587 527 585 367 512 799 792 886 615 640 661 734 
250 0 265 304 631 681 779 632 573 523 284 420 717 624 932 660 590 579 780 
369 268 0 343 681 867 937 753 689 451 117 465 677 544 1125 781 698 597 866 
502 311 344 0 377 563 633 528 475 494 366 155 433 480 910 556 401 295 652 
680 609 658 377 0 416 467 495 576 710 680 235 483 581 1025 481 235 287 836 
630 729 874 568 429 0 197 76 288 950 832 490 611 836 678 88 235 578 476 
749 845 973 665 504 212 0 267 373 1025 971 565 683 911 687 214 320 653 508 
595 653 798 543 492 73 197 0 212 947 819 483 674 899 589 28 298 641 400 
561 602 743 536 613 251 366 181 0 901 764 533 779 937 551 214 401 737 328 
549 492 429 458 678 911 962 929 804 0 245 461 661 565 1260 957 730 607 981 
361 288 128 359 651 852 903 770 706 275 0 398 641 508 1118 798 709 565 883 
503 466 459 161 230 469 520 487 534 460 406 0 350 412 969 534 288 212 711 
779 743 681 412 473 595 629 636 755 662 670 328 0 347 1272 660 414 247 984 
776 613 543 472 558 791 842 809 903 526 501 395 338 0 1338 856 610 339 1050 
876 939 1100 893 1043 659 681 586 555 1249 1125 920 1225 1312 0 598 831 1112 293 
630 680 825 570 488 79 208 26 231 974 846 510 670 895 617 0 294 637 426 
647 609 712 440 243 241 349 282 392 764 734 304 431 650 875 306 0 392 665 
659 586 534 300 304 580 631 621 717 549 495 209 239 371 1152 645 399 0 864 
809 803 944 737 864 492 509 425 351 1093 965 785 1046 1189 321 444 670 989 0 
