0 575 513 824 913 322 274 1132 802 1366 861 640 687 1359 879 
608 0 682 861 816 432 532 1197 972 1410 1019 734 726 1596 1037 
489 648 0 999 399 537 489 755 365 929 1052 348 862 1182 1070 
973 805 941 0 1270 746 699 1681 1231 1864 575 1096 525 1767 506 
759 744 524 1194 0 842 745 624 478 1024 1308 618 1110 1087 1326 
363 554 250 999 651 0 417 1007 540 1104 956 406 915 1434 974 
274 499 296 738 697 46 0 1053 586 1150 792 452 601 1480 810 
1138 1176 903 1444 837 1129 1138 0 815 971 1701 997 1235 1411 1770 
565 875 419 1075 563 613 565 842 0 935 1128 424 938 907 1146 
1177 1391 1031 1880 1041 1225 1177 691 734 0 1740 1036 1671 1330 1758 
822 869 867 388 1258 673 626 1528 1157 1721 0 1032 633 1484 223 
466 679 357 976 781 514 466 1166 661 1225 1087 0 839 1422 1105 
950 828 918 257 1293 723 676 1454 1208 1870 678 1073 0 1832 609 
981 1291 835 1491 961 1029 981 1240 538 1145 1302 840 1354 0 1320 
598 645 643 863 1034 449 402 1304 933 1497 702 808 650 1260 0 
