17
10
173.28 1498.15
1 2 3 4 0 7 8 9 0 5 6 0 0 0 0 0 0 
256.41 825.15
2 1 0 3 4 0 5 6 0 7 0 8 0 9 0 0 0 
1 0 0 2 0 2 0 0 0 
0 0 0 -1 0 0 0 0 0 0 

0 11.72 21.73 30.86 30.13 31.1 36.44 24.99 25.58 27.61 
9.9 0 14.5 23.66 28.26 32.05 37.39 35.78 36.37 38.39 
22.99 15.1 0 8.54 14.38 20.72 26.23 33.79 41.54 51.35 
27.96 20.08 7.19 0 12.29 18.89 24.15 35.31 41.58 55.61 
29.72 29.45 16.87 11.32 0 8.43 11.96 30.36 40.52 54.55 
32.4 32.64 25.56 19.81 10.17 0 7.15 22 35.45 55.27 
34.8 35.72 25.75 19.3 9.4 7.62 0 27.8 40.33 60.7 
26.95 36.64 35.98 34.07 30.07 23.42 27.89 0 13.93 32.58 
25.62 35.31 39.13 41.53 40.23 35.44 44.24 13.97 0 19.06 
29.69 39.37 49.26 54.17 52.87 55.08 60.37 32.6 19.58 0 

0 239 438 628 580 593 709 424 440 461 
197 0 273 463 554 629 745 621 638 659 
434 307 0 205 345 447 600 670 769 896 
514 386 156 0 294 413 549 699 819 1032 
611 622 399 237 0 204 291 603 806 1018 
661 671 546 395 242 0 234 498 723 1074 
668 696 599 429 242 235 0 598 831 1112 
475 650 651 634 579 482 617 0 294 637 
484 659 724 800 812 712 875 306 0 392 
496 671 870 981 993 1036 1152 645 399 0 
