0 299 1178 1937 1196 171 781 1058 536 1020 803 1042 451 450 
236 0 1309 2077 1270 396 874 1125 704 886 934 1137 619 545 
1167 1182 0 1520 1158 1229 1212 1463 858 1155 523 1696 790 1356 
1839 1977 1525 0 978 1922 2154 2675 1901 1346 1802 2426 1833 2223 
864 1002 863 1079 0 947 1624 1856 822 632 1064 1840 814 1248 
206 319 1149 2016 1209 0 835 1099 507 1040 774 1083 422 491 
952 994 1239 2485 1772 922 0 251 1198 1570 1193 614 1113 558 
1146 1214 1433 2679 1966 1143 296 0 1419 1790 1387 324 1339 670 
440 636 799 1717 976 502 1088 1365 0 982 437 1349 87 757 
743 711 1016 1502 583 968 1231 1510 896 0 1152 1494 835 902 
642 838 564 1883 1417 704 959 1210 480 1299 0 1435 295 844 
1118 1160 1526 2503 1938 1089 467 186 1365 1736 1472 0 1285 616 
443 639 755 1906 1025 505 1130 1362 150 1005 394 1346 0 754 
679 662 1392 2359 1552 591 422 647 867 1238 974 631 787 0 
