39
13
351.14 7371.35
2 9 12 11 6 10 0 3 0 7 13 5 8 0 17 16 14 15 0 4 20 18 19 0 1 0 0 0 0 0 0 0 0 0 0 0 0 0 0 
750.47 26776.35
2 1 8 0 3 6 12 7 0 4 5 16 20 0 17 15 13 14 0 18 9 10 0 19 11 0 0 0 0 0 0 0 0 0 0 0 0 0 0 
1 0 0 0 2 1 2 2 2 2 2 1 2 2 1 2 0 0 0 2 
0 0 0 -1 0 2 0 0 0 0 

0 50.13 1.81 10.62 46.09 15.01 8.3 12.02 21.42 3.48 14.02 5 4.76 27.53 53.47 60.88 40.38 38.52 46.09 65.78 49.31 
48.35 0 46.35 59.85 87.9 34.01 53.91 34.28 38.86 45.25 61.69 44.88 43.63 27.5 44.45 55.98 33.6 32.03 73.69 57.74 83.72 
1.89 46.62 0 10.66 46.19 11.51 8.34 8.2 18.02 1.69 13.53 3.27 3.04 24.24 49.98 57.5 36.97 35.41 42.52 62.46 49.41 
12.62 57.27 11.7 0 42.71 24.36 11.58 18.48 30.49 12.99 8.65 12.08 17.66 33.56 64.09 71.28 51.42 49.57 58.86 74.69 49.82 
42.11 88.23 42.3 41.61 0 53.06 37.86 57.16 53.15 44.92 32.37 39.01 49.51 76.51 40.32 33.48 52.2 50.34 23.66 27.89 4.87 
13.96 34.85 11.93 24.1 58.18 0 19.32 13.29 4.68 10.84 25.49 10.64 15.03 16.54 37.21 43.38 25.96 24.32 35.69 49.78 53.48 
6.3 55.38 6.47 10.78 39.36 16.56 0 18.14 22.93 8.13 7.69 4.39 12.34 34.62 53.38 58.02 42.02 40.11 40.65 65.19 42.31 
15.03 39.46 11.46 24.27 62.08 18.56 22.32 0 23.81 9.5 29.1 14.59 8 13.51 57.46 64.54 44.44 42.54 51.66 69.79 65.17 
16.22 35.34 14.21 26.28 58.09 0.9 21.54 15.57 0 13.14 27.66 12.94 17.29 18.78 35.4 43.33 24.05 22.4 35.91 47.62 61.24 
3.53 45.43 1.66 13.47 47.43 10.93 9.11 6.97 17.46 0 15.99 3.2 2.36 23.09 49.31 56.85 36.44 34.87 41.85 61.8 50.62 
10.63 60.43 10.8 4.02 34.65 20.57 4.09 21.54 26.83 12.14 0 9.43 16.31 36.43 60.65 67.97 47.73 45.85 50.51 66.79 41.14 
4.17 48.83 3.58 11.81 43.35 10.44 5.26 12.06 16.98 3.65 14.81 0 5.37 28.23 48.84 56.39 36.01 34.44 40.56 61.36 46.58 
3.65 43.65 1.8 13 48.65 11.98 10.16 5.36 18.48 1.57 17.03 3.28 0 21.58 50.56 58.07 37.42 35.86 43.09 63.02 51.83 
23.76 30.69 20.34 31.81 69.49 9.91 30.4 6.94 15.37 18.46 36.42 22.14 16.98 0 48.82 55.28 35.9 34.33 46.25 61.36 64.91 
50.77 45.05 48.79 62.35 43.47 32.12 51.9 50.5 32.57 47.69 55.57 47.31 52.28 42.3 0 13.95 11.28 9.53 29.69 14.92 38.69 
57.01 57.58 55.08 68.33 33.97 35.68 56.14 57.09 36.09 54.02 59.84 53.64 58.5 48.06 10.61 0 21.98 20.5 16.57 6.47 29.41 
46.81 43.15 46.28 59.55 47.28 27.02 45.99 46.8 27.5 45.18 48.4 44.8 49.8 38.09 6.56 16.34 0 7.42 35 17.49 42.34 
40.35 36.14 38.28 52.26 49.14 26.58 46.12 40.01 27.92 37.15 50.52 36.92 41.88 32.97 8.3 18.02 0.59 0 36.55 19.16 44.23 
42.11 70.74 40.23 52.11 26.63 26.27 38.85 42.71 26.8 39.29 42 39.08 43.58 47.94 22.15 16.56 30.06 30.28 0 22.07 21.86 
60.6 55.5 58.71 71.96 33.48 42.62 64.48 60.42 42.77 57.65 69.1 57.26 62.12 52.32 9.38 7.84 19.73 18.04 21.98 0 29.23 
48.57 81.88 48.76 49.77 7.9 47.16 44.09 61.53 47.18 51.3 39.53 45.46 55.76 66.43 34.11 27.62 45.05 43.15 17.53 21.83 0 

0 1721 142 633 1545 652 526 626 911 276 557 405 387 1169 1563 1737 1213 1166 1626 1698 1559 
1537 0 1443 1716 2346 1155 1734 1109 1361 1399 1686 1423 1470 1342 1506 1732 1147 1100 2263 1631 2195 
148 1577 0 624 1536 508 517 439 767 132 507 261 243 1025 1419 1593 1069 1022 1482 1554 1550 
592 1846 535 0 1275 810 699 752 1069 587 487 681 737 1294 1721 1895 1371 1324 1698 1891 1371 
1257 2263 1260 1241 0 1367 1190 1632 1474 1336 914 1230 1442 1980 1159 1164 1348 1300 814 857 337 
573 1188 479 752 1681 0 770 417 376 435 722 459 541 612 1110 1218 760 713 1289 1245 1636 
463 1786 466 687 1335 635 0 741 894 511 496 354 617 1374 1483 1565 1183 1136 1400 1754 1349 
724 1338 574 766 1967 591 887 0 797 490 935 675 493 801 1483 1639 1133 1086 1769 1618 1981 
644 1286 550 823 1759 70 841 488 0 506 793 530 612 683 1054 1296 704 657 1367 1189 1773 
280 1522 130 708 1651 501 565 449 760 0 570 254 188 970 1412 1586 1062 1015 1475 1547 1665 
439 1739 442 326 995 588 332 769 847 461 0 396 567 1311 1499 1673 1149 1102 1418 1611 1091 
335 1629 285 662 1514 478 428 584 737 291 565 0 397 1172 1389 1563 1039 992 1561 1524 1528 
292 1491 142 586 1660 510 574 418 769 123 579 263 0 939 1421 1595 1071 1024 1484 1556 1674 
899 1484 749 886 1896 385 1024 306 591 665 976 713 668 0 1360 1433 1010 963 1504 1495 1851 
1381 1487 1287 1560 1376 954 1628 1261 1061 1243 1465 1267 1349 1222 0 781 514 466 1292 661 1225 
1592 1708 1498 1771 1175 1018 1692 1436 1125 1454 1529 1478 1560 1440 618 0 842 745 624 478 1010 
1397 1356 1214 1661 1255 823 1497 1241 930 1170 1548 1194 1276 1245 406 651 0 417 1007 540 1104 
1143 1192 1049 1322 1301 760 1340 1023 862 1005 1266 1029 1111 984 452 697 46 0 1053 586 1150 
1472 2152 1378 1669 992 1026 1543 1482 1133 1334 1342 1358 1440 1639 997 837 1129 1138 0 815 971 
1480 1528 1386 1659 1086 1149 1800 1360 1256 1342 1655 1366 1448 1321 424 563 613 565 842 0 935 
1558 2140 1561 1475 580 1443 1491 1925 1624 1637 1148 1531 1743 2139 1036 1041 1225 1177 691 734 0 
