0 1138 1178 1454 1198 1028 1013 1657 981 1160 1301 1635 1501 670 987 1533 2467 1197 1224 881 
1323 0 185 1011 1111 1164 401 1099 930 586 349 1552 945 839 544 1579 1909 467 1552 1475 
1247 258 0 936 1036 1089 400 1023 855 511 618 1477 869 763 468 1778 1833 392 1477 1400 
1279 964 1004 0 440 598 1024 1496 582 587 1275 1402 1259 1180 765 1590 2025 645 881 764 
1194 1220 1260 411 0 617 979 1634 554 774 1230 1396 1397 1209 737 1628 2386 875 757 670 
1185 1064 1104 806 539 0 888 1526 216 710 1165 1464 1370 561 536 1296 2267 747 1062 743 
1383 297 452 942 1128 1092 0 964 858 558 251 1508 809 899 518 1500 1774 571 1569 1361 
1761 1088 1128 1236 1417 1479 945 0 1245 811 1196 1384 489 1277 974 2061 1720 902 1717 1668 
1170 1051 1091 646 489 303 920 1492 0 744 1152 1417 1336 706 523 1427 2183 781 1011 655 
1400 673 713 453 634 720 682 1294 701 0 933 1193 1068 1119 649 1712 1859 438 934 885 
1495 385 593 1136 1322 1313 296 1158 1079 752 0 1702 1003 1011 630 1326 1968 765 1763 1555 
1740 1419 1459 1385 1364 1400 1429 1378 1385 1099 1680 0 1040 1781 1254 2392 2015 1249 1223 1299 
1373 674 714 849 1030 1092 558 527 858 424 809 1198 0 889 586 1673 1338 515 1330 1281 
550 1181 1221 1179 1012 670 982 1573 718 825 1254 1694 1417 0 653 1455 2264 862 1322 705 
1262 519 559 961 694 680 395 1034 446 427 620 1346 878 683 0 1467 1844 464 1217 1004 
1574 1477 1685 1719 1571 1386 1393 1881 1335 1515 1153 2434 1823 1205 1344 0 2388 1552 2077 1559 
2314 1625 1665 1802 1945 1918 1498 1555 1684 1294 1749 1555 1043 1830 1527 2362 0 1455 2200 2234 
1455 498 538 858 895 872 570 916 638 263 821 1229 908 885 559 1696 1726 0 1336 1302 
1377 1616 1656 807 506 1092 1375 1784 1043 1077 1626 1348 1628 1472 1226 2061 2515 1135 0 954 
883 1389 1429 965 657 390 1209 1650 607 943 1490 1347 1494 957 861 1468 2391 1001 833 0 
