0 598 410 742 138 875 683 812 1290 1011 1046 488 411 632 
526 0 647 365 494 1112 593 430 1102 957 997 762 605 257 
534 651 0 865 501 690 967 935 1365 745 785 314 599 685 
533 393 567 0 501 1079 322 179 1123 758 798 807 650 475 
16 586 426 593 0 891 534 663 1305 862 897 503 426 647 
818 947 702 1082 774 0 1175 1152 1662 998 1038 655 698 981 
545 658 652 516 512 1203 0 403 1322 641 681 1032 754 740 
699 568 753 248 667 1323 560 0 1223 862 902 973 816 641 
1312 849 1262 942 1175 1603 1100 990 0 1138 1178 1454 1198 1028 
701 1082 771 949 668 1279 607 883 1323 0 185 1011 1111 1164 
626 1007 696 874 593 1204 531 807 1247 258 0 936 1036 1089 
443 564 408 836 399 880 944 906 1279 964 1004 0 440 598 
398 583 533 864 354 845 899 934 1194 1220 1260 411 0 617 
573 106 578 522 529 1043 700 587 1185 1064 1104 806 539 0 
