0 12.46 18.54 16.24 28.52 42.43 7.04 13.49 17.54 31.95 38.65 31.87 47.56 47.97 49.41 45.82 29.57 32.09 
12.36 0 7.15 22 35.45 55.27 5.47 2.71 30.2 43.1 50.39 44.62 60.85 61.21 60.48 57.79 40.74 43.25 
17.59 7.62 0 27.8 40.33 60.7 10.24 3.98 34.96 46.18 52.6 50.06 65.62 66.03 63.54 59.99 43.82 46.32 
16.09 23.42 27.89 0 13.93 32.58 20.35 24.56 26 34.74 43.81 34.36 45.63 49.7 51.86 48.28 34.68 37.26 
28.53 35.44 44.24 13.97 0 19.06 36.02 36.57 26.78 29.22 36.43 24.79 33.84 37.93 43.89 40.3 29.16 35.94 
41.57 55.08 60.37 32.6 19.58 0 49.47 55.87 31.02 32.15 36.39 16.73 18.31 22.76 32.58 30.79 32.09 40 
9.2 5.55 11.13 20.13 33.61 51.96 0 6.69 27.17 40.67 47.1 41.45 57.07 57.48 58.06 54.51 38.31 40.81 
16.05 6.07 5.17 25.79 39.56 58.8 9.45 0 33.04 44.26 50.69 48.14 63.72 64.13 61.64 58.09 41.9 44.41 
17.77 26.75 32.1 25.77 28.53 34.5 23.34 27.55 0 16.26 22.89 23.92 36.61 36.97 33.8 30.22 13.88 16.39 
32.24 42.08 47.4 37.11 33.71 31.02 39.99 42.88 15.51 0 7.26 17.18 24.92 25.25 18.47 14.86 0.09 6.43 
37.8 47.49 52.8 42.67 38.27 36.6 45.39 48.28 21.61 7.27 0 21.66 27.88 24.29 16.66 11.02 7.92 6.07 
30.38 43.38 49.66 34.04 23.02 17.01 38.32 44.69 19.19 15.33 19.04 0 17.74 19.8 21.26 17.64 15.27 24.39 
46.86 60.35 65.63 45.75 32.72 17.16 55.02 61.14 34.62 24.23 27.8 14.68 0 9.64 18.89 21.25 24.17 32.43 
48.04 61.53 66.81 50.22 37.21 26.62 55.92 62.32 35.8 25.14 24.07 17.72 9.66 0 9.41 16.81 25.36 28.72 
49.57 59.21 64.5 54.42 42.49 34.74 57.13 60 33.45 18.45 17.2 21.53 18.88 9.39 0 10.1 19.08 21.86 
45.98 55.65 60.94 50.84 38.89 34.76 53.56 56.44 29.85 14.82 10.92 19.02 21.21 16.87 10.07 0 15.46 15.59 
29.77 39.48 44.81 34.64 33.65 30.96 37.38 40.28 13.55 0.09 7.94 17.12 24.86 25.23 19.11 15.5 0 7.06 
32.5 42.21 47.53 37.37 37.98 40.01 40.11 43 16.29 6.45 6.1 28.87 33.03 29.45 21.84 16.22 7.08 0 
