35
10
365.48 4423.85
1 2 10 9 3 0 11 4 16 5 15 0 8 7 6 18 0 17 12 13 0 14 0 0 0 0 0 0 0 0 0 0 0 0 0 
625.3 4184.85
2 1 11 0 3 4 5 0 6 7 0 10 14 0 12 13 0 15 8 9 0 16 0 17 0 18 0 0 0 0 0 0 0 0 0 
2 0 0 1 2 0 1 1 2 0 2 0 2 1 0 0 0 0 
0 0 0 -1 2 0 0 0 0 0 

0 9.66 19.72 25.68 38.13 38.2 46.09 35.99 30.75 30.37 19.58 30.36 49.38 44.85 47.53 37.37 37.98 40.01 40.11 
8.9 0 10.47 15.08 28.85 37.44 45.34 35.23 29.99 25.4 13.05 20.88 38.35 34.74 46.91 36.62 31.65 28.95 39.5 
19.09 10.48 0 15.19 29.7 44.91 47.68 44.74 39.5 14.96 2.9 20.39 34.14 28.07 60.44 46.12 34.16 25.62 49.15 
26.21 15.12 15.19 0 14.73 29.22 32.82 28.8 28.18 24.29 19.25 5.11 23.32 24.79 49.21 30.19 18.82 13.88 37.88 
39.72 29.35 30.18 14.83 0 21.15 24.73 24.06 29.38 36.29 34.23 8.78 26.2 29.78 50.97 23.75 10.69 11.25 42.56 
37.89 35.62 45.5 29.24 21.24 0 8.67 2.4 11.94 52.5 50.9 26.75 38.78 47.62 30.68 2.2 11.33 30 22.33 
46.1 43.75 51.15 36.29 26.02 9.51 0 11.57 20.24 57.22 55.65 31.52 41.08 52.35 34.54 9.87 17.12 34.76 27.08 
35.2 32.27 42.16 29.44 24.08 2.39 11.54 0 8.55 51.17 46.2 26.82 41.6 50.43 27.45 0.41 14.18 32.83 18.96 
30.77 29.89 39.78 28.71 30.73 10.87 20.27 8.42 0 50.08 43.81 28.67 49.14 52.46 23.55 9.66 19.84 39.7 13.05 
30.47 25.49 14.9 24.18 34.76 50.96 54.51 52.23 48.42 0 10.76 24.57 32.63 24.31 68.91 53.61 40.62 29.05 58.04 
19.61 13.06 2.94 17.75 33.14 49.41 52.96 48.76 43.52 10.85 0 22.26 32.76 26.69 62.27 50.14 38.4 28.17 53.16 
30.38 20.81 20.41 5.12 8.77 26.87 30.45 28.15 31.03 24.49 22.9 0 19.71 23.15 52.04 29.47 16.43 10.25 40.72 
49.3 39.28 34.6 23.71 20 38.74 41.26 41.74 46.92 33.84 33.03 19.58 0 18.39 69.6 41.33 28.33 10.35 58.74 
44.23 34.77 27.3 24.73 31.49 47.72 51.27 48.99 52.28 26.55 26.67 23.13 18.35 0 73.08 50.3 37.36 18.36 62.24 
46.32 48.35 59.19 48.22 51.12 30.49 34.5 27.14 22.28 68.14 61.3 50.03 68.48 73.36 0 27.8 40.33 60.7 10.24 
37.26 33.65 43.55 30.83 23.83 2.17 9.93 0.4 9.83 52.55 47.58 28.22 41.35 50.18 27.89 0 13.93 32.58 20.35 
35.94 28.13 35.55 18.41 10.27 11.35 16.86 14.37 18.62 41.65 39.6 15.79 28.38 36.74 44.24 13.97 0 19.06 36.02 
40 30.08 24.92 13.84 11.3 30.01 33.58 33.01 39.47 26.5 24.92 10.19 10.33 19.51 60.37 32.6 19.58 0 49.47 
40.81 40.76 50.62 39.6 43.42 22.1 28.08 18.92 14.15 59.6 54.64 40.98 60.83 64.65 11.13 20.13 33.61 51.96 0 

0 266 386 485 703 635 733 587 527 585 367 512 799 792 886 615 640 661 734 
250 0 265 304 631 681 779 632 573 523 284 420 717 624 932 660 590 579 780 
369 268 0 343 681 867 937 753 689 451 117 465 677 544 1125 781 698 597 866 
502 311 344 0 377 563 633 528 475 494 366 155 433 480 910 556 401 295 652 
680 609 658 377 0 416 467 495 576 710 680 235 483 581 1025 481 235 287 836 
630 729 874 568 429 0 197 76 288 950 832 490 611 836 678 88 235 578 476 
749 845 973 665 504 212 0 267 373 1025 971 565 683 911 687 214 320 653 508 
595 653 798 543 492 73 197 0 212 947 819 483 674 899 589 28 298 641 400 
561 602 743 536 613 251 366 181 0 901 764 533 779 937 551 214 401 737 328 
549 492 429 458 678 911 962 929 804 0 245 461 661 565 1260 957 730 607 981 
361 288 128 359 651 852 903 770 706 275 0 398 641 508 1118 798 709 565 883 
503 466 459 161 230 469 520 487 534 460 406 0 350 412 969 534 288 212 711 
779 743 681 412 473 595 629 636 755 662 670 328 0 347 1272 660 414 247 984 
776 613 543 472 558 791 842 809 903 526 501 395 338 0 1338 856 610 339 1050 
876 939 1100 893 1043 659 681 586 555 1249 1125 920 1225 1312 0 598 831 1112 293 
630 680 825 570 488 79 208 26 231 974 846 510 670 895 617 0 294 637 426 
647 609 712 440 243 241 349 282 392 764 734 304 431 650 875 306 0 392 665 
659 586 534 300 304 580 631 621 717 549 495 209 239 371 1152 645 399 0 864 
809 803 944 737 864 492 509 425 351 1093 965 785 1046 1189 321 444 670 989 0 
