0 576 982 1082 658 1138 1256 454 1217 523 625 655 1579 1306 831 256 317 359 1525 1506 417 1557 585 757 603 774 259 695 
545 0 957 1239 550 1397 1020 803 1042 451 450 182 1149 963 1090 493 367 591 1095 1076 457 1127 644 737 245 346 745 675 
624 1087 0 1314 1284 1472 1546 1080 755 1124 486 933 1757 976 1165 882 760 628 1472 1684 415 1735 1211 325 736 712 826 273 
855 919 1177 0 994 697 1283 575 1629 834 1037 998 1945 1696 458 674 760 695 1891 1872 923 1923 830 953 994 1165 871 925 
716 385 1209 1181 0 1381 1105 569 1294 173 702 464 1504 1219 1279 494 446 762 1450 1431 709 1482 367 989 540 711 844 927 
1285 1080 1607 431 1203 0 844 1005 1847 1077 1467 1101 2050 1856 505 1104 1190 1125 1996 1977 1353 2028 1029 1383 1424 1478 1301 1355 
1065 743 1409 1130 954 1055 0 1152 1494 835 902 747 1678 1296 1266 936 888 1207 1624 1605 907 1656 1003 1187 717 800 1215 1125 
397 642 1202 823 475 1178 1299 0 1450 295 844 721 1645 1476 871 250 463 576 1591 1572 635 1623 357 975 797 968 547 913 
1102 1118 759 1669 1379 1827 1736 1472 0 1285 616 1123 1154 1177 1520 1154 921 1131 1358 1081 817 1132 1347 874 927 1016 1304 822 
615 443 1261 1005 157 1205 1005 394 1346 0 754 522 1555 1277 1067 421 373 755 1501 1482 806 1533 166 1047 598 769 765 1026 
604 679 546 1332 881 1490 1238 974 631 787 0 625 1633 944 1183 656 423 603 1440 1560 365 1611 849 516 429 480 842 464 
674 116 970 1258 615 1416 914 831 1055 516 463 0 1268 792 1109 513 498 720 1214 1195 468 1246 706 748 278 361 874 686 
1613 1230 1681 2197 1537 2137 1848 1770 964 1446 1583 1235 0 859 2048 1452 1404 1610 584 148 1369 204 1586 1679 1180 1263 1731 1587 
826 370 681 1337 828 1278 988 910 828 587 505 375 1334 0 1188 592 648 750 1280 1261 509 1312 727 819 320 403 1026 727 
1205 1000 1527 351 1123 318 764 925 1767 997 1387 1021 1970 1776 0 1024 1110 1045 1916 1897 1273 1948 1167 1303 1344 1398 1221 1275 
324 406 1127 1063 481 1191 1128 435 1200 301 608 485 1451 1240 884 0 227 503 1397 1378 562 1429 363 902 561 732 474 840 
340 444 907 1161 525 1199 1165 550 992 363 400 481 1488 1151 892 232 0 480 1434 1415 452 1466 425 734 389 560 517 672 
319 782 672 1115 979 1273 1207 775 1032 844 440 594 1553 1099 966 577 455 0 1499 1480 322 1531 906 376 397 568 506 314 
1496 1113 1424 2080 1421 2021 1731 1653 1147 1330 1248 1118 494 743 1931 1335 1287 1493 0 416 1252 472 1470 1562 1063 1146 1614 1470 
1744 1361 1812 2328 1668 2268 1979 1901 1095 1577 1714 1366 339 1188 2179 1583 1535 1741 697 0 1500 317 1717 1810 1311 1800 1862 1718 
339 612 560 1145 814 1303 1172 795 824 786 334 559 1518 1065 996 597 423 378 1464 1445 0 1496 848 430 362 533 570 379 
1639 1256 1707 2223 1563 2163 1874 1796 990 1472 1609 1261 21 885 2074 1478 1430 1636 610 174 1395 0 1612 1705 1206 1289 1757 1613 
626 593 1269 904 279 1104 1038 292 1354 148 762 672 1632 1427 1002 429 381 763 1578 1559 814 1610 0 1096 748 919 776 1034 
622 840 412 1136 1052 1294 1458 1078 816 937 558 1081 1595 1045 987 880 758 526 1541 1745 397 1573 1209 0 668 985 804 171 
559 315 765 1214 602 1372 933 855 850 503 258 320 1279 815 1065 545 382 485 1225 1206 244 1257 696 524 0 190 759 462 
774 545 786 1429 817 1417 1095 1070 933 718 373 482 1409 704 1280 760 597 700 1355 1336 459 1387 911 739 212 0 974 677 
281 826 997 978 770 1136 1337 566 1252 635 736 863 1691 1425 829 368 389 325 1637 1618 528 1669 697 702 763 934 0 639 
454 682 485 1144 942 1302 1300 910 973 979 495 687 1646 1192 995 712 590 348 1592 1573 334 1624 1041 190 490 661 626 0 
