0 1032 633 1508 836 844 963 1023 1946 754 924 1126 1598 1641 701 1015 847 1657 1495 730 1232 1892 2174 954 1494 
1087 0 839 1021 480 381 476 1004 1405 945 1061 633 1027 1145 892 402 653 1295 999 584 1059 1608 1957 763 1475 
678 1073 0 1392 1072 1241 1014 750 1622 1094 600 1156 1361 1603 1041 974 1027 1824 1546 780 1941 1855 1802 1134 1266 
1506 857 1201 0 1085 1044 602 910 1032 1422 1182 733 396 667 1368 634 1009 660 921 1035 1383 1047 1542 1119 1437 
936 427 815 1058 0 239 513 1020 1451 906 1077 572 1064 1191 853 574 519 1308 1045 450 1028 1654 2003 629 1729 
989 186 799 952 442 0 384 934 1322 905 991 563 997 1062 852 333 623 1212 916 554 1021 1525 1874 733 1701 
1005 317 815 738 529 555 0 1071 1180 921 1128 682 744 920 868 593 629 1070 774 560 862 1383 1732 739 1523 
1120 1017 653 1022 1064 1233 1004 0 1273 1036 500 863 926 1185 982 780 833 1472 1592 773 1835 1818 1653 940 821 
1823 1522 1329 723 1609 1513 1119 973 0 1739 1227 1420 653 707 1685 1335 1420 884 1147 1518 1900 513 748 1527 654 
697 948 800 1613 837 845 888 948 1826 0 1005 1051 1439 1772 214 940 772 1658 1420 655 1544 1893 2251 879 1419 
910 1054 280 1219 1053 1222 995 706 1525 1075 0 1132 1123 1426 1022 955 878 1713 1527 761 1922 1771 1718 985 1073 
1097 598 766 860 523 692 566 757 1417 931 781 0 829 1053 877 241 313 1085 1098 431 1449 1721 1969 423 1356 
1561 996 1139 308 1179 1136 696 765 1053 1477 1037 820 0 580 1423 726 1096 867 1103 1214 1477 1213 1605 1206 1063 
1664 960 1396 478 1188 1178 976 948 690 1733 1220 1144 362 0 1679 943 1176 509 812 1274 1552 1045 1242 1283 1188 
483 734 586 1219 623 631 674 734 1657 655 791 837 1309 1558 0 726 558 1444 1206 441 1019 1679 2037 665 1205 
1183 415 875 769 730 555 486 857 1399 1040 1130 388 761 1035 986 0 521 1067 1018 639 1233 1619 1873 631 1452 
1095 621 901 1142 602 771 562 909 1618 1011 916 481 1111 1254 958 550 0 1286 1094 168 1529 1673 2052 102 1508 
1649 1092 1680 740 1320 1310 926 1287 799 1619 1559 1386 701 613 1566 1287 1335 0 942 1351 1402 677 1096 1442 1373 
1482 778 1292 1071 1006 996 612 1496 1191 1398 1553 1125 1020 931 1345 985 1106 957 0 1037 1370 1189 1608 1216 1692 
959 452 858 938 433 602 393 816 1331 875 873 537 944 1071 822 543 117 1188 925 0 1360 1648 1883 224 1691 
1358 1054 1529 1405 964 866 792 1678 1857 1247 1735 1504 1411 1597 1275 1201 1489 1494 1451 1461 0 1729 2409 1599 2149 
1946 1220 1452 890 1448 1438 1054 1096 122 1862 1350 1542 819 654 1808 1457 1542 809 1072 1479 1812 0 737 1649 777 
2346 1691 1709 1276 1919 1945 1525 1538 552 2292 1792 1880 1206 1125 2238 1740 1973 925 1555 1950 2070 651 0 2080 1235 
1025 518 897 1004 499 668 459 905 1397 941 912 516 1146 1137 888 585 156 1254 991 65 1426 1708 1949 0 1670 
1585 1482 1104 1360 1836 1622 1513 782 918 1501 1036 1350 1193 1359 1447 1521 1484 1412 1762 1238 2294 1170 1182 1591 0 
