25
13
198.510000
5 0 1 0 12 8 10 2 0 13 6 7 11 0 9 4 3 0 0 0 0 0 0 0 0 

0 3.75 27.36 71.81 39.09 2.18 19.29 25.7 8.23 28.88 16.67 24.66 6.42 7.81 
3.01 0 30.44 71.69 38.38 4.96 23.32 30.02 12.56 24.73 19.92 28.6 10.78 12.05 
26.66 32.62 0 45.78 28.91 27.3 34.27 40.61 15.99 24.9 8.26 46.56 15.56 30.64 
67.98 71.31 45.33 0 30.11 68.94 100.63 102.44 57.51 49.88 53.24 104.78 57.39 78.52 
30.82 34.08 22.87 34.52 0 31.93 54.14 60.3 26.72 19.1 28.92 59.09 25.51 41.39 
2.62 3.98 26.87 72.22 38.57 0 20.09 25.76 7.69 29.63 16.16 24.73 5.88 7.9 
23.96 24.36 35.62 86.58 65.67 20.36 0 3.14 28.68 47.72 26.4 9.18 27.04 8.66 
29.88 29.82 41.24 92.23 71.9 25.93 3.7 0 34.03 53.63 32.22 4.03 31.68 13.38 
6.56 11.67 15.77 60.72 29.39 7.28 27 33.15 0 23.25 5.37 32.15 1.12 15.92 
23.6 20.23 21.38 52.26 19.08 26.77 41.56 48.42 20.57 0 26.6 47.16 20.28 30.52 
12.69 17.65 9.51 55.18 36.19 13.38 21.01 27.76 5.94 31.38 0 33.25 3.7 17 
27.37 27.76 45.55 105.57 68.93 23.84 6.67 2.33 32.01 51.25 34.73 0 29.64 11.16 
6.23 11.34 15.16 59.29 30.69 6.95 26.15 31.9 1.92 24.16 4.85 30.9 0 14.58 
11.3 12.99 30.94 81.11 48.58 8.82 6.9 13.05 17.56 36.07 20.49 11.96 15.03 0 
