17
13
58.320000
1 9 8 7 0 6 5 4 3 0 2 0 0 0 0 0 0 

0 50.13 1.81 10.62 46.09 15.01 14.02 5 4.76 27.53 
48.35 0 46.35 59.85 87.9 34.01 61.69 44.88 43.63 27.5 
1.89 46.62 0 10.66 46.19 11.51 13.53 3.27 3.04 24.24 
12.62 57.27 11.7 0 42.71 24.36 8.65 12.08 17.66 33.56 
42.11 88.23 42.3 41.61 0 53.06 32.37 39.01 49.51 76.51 
13.96 34.85 11.93 22.78 58.18 0 25.49 10.64 15.03 16.54 
10.63 60.43 10.8 4.02 34.65 20.57 0 9.43 16.31 38.54 
4.17 48.83 3.58 11.81 43.35 10.44 14.81 0 5.37 29.17 
3.65 43.65 1.8 13 48.65 11.98 17.03 3.28 0 21.58 
23.76 30.69 20.34 31.81 69.49 9.91 36.42 22.14 16.98 0 
