17
13
169.71 2437.75
2 8 7 5 0 3 6 4 0 9 1 0 0 0 0 0 0 
251.33 3985.75
3 4 0 5 1 2 0 6 7 0 8 9 0 0 0 0 0 
2 2 0 1 0 0 1 0 1 
2 0 0 -1 0 0 0 0 0 0 

0 50.13 1.81 10.62 46.09 15.01 14.02 5 4.76 27.53 
48.35 0 46.35 59.85 87.9 34.01 61.69 44.88 43.63 27.5 
1.89 46.62 0 10.66 46.19 11.51 13.53 3.27 3.04 24.24 
12.62 57.27 11.7 0 42.71 24.36 8.65 12.08 17.66 33.56 
42.11 88.23 42.3 41.61 0 53.06 32.37 39.01 49.51 76.51 
13.96 34.85 11.93 22.78 58.18 0 25.49 10.64 15.03 16.54 
10.63 60.43 10.8 4.02 34.65 20.57 0 9.43 16.31 38.54 
4.17 48.83 3.58 11.81 43.35 10.44 14.81 0 5.37 29.17 
3.65 43.65 1.8 13 48.65 11.98 17.03 3.28 0 21.58 
23.76 30.69 20.34 31.81 69.49 9.91 36.42 22.14 16.98 0 

0 1721 142 633 1545 652 557 405 387 1169 
1537 0 1443 1716 2346 1155 1686 1423 1470 1342 
148 1577 0 624 1536 508 507 261 243 1025 
592 1846 535 0 1275 810 487 681 737 1294 
1257 2263 1260 1241 0 1367 914 1230 1442 1980 
573 1188 479 847 1681 0 722 459 541 612 
439 1739 442 326 995 588 0 396 567 1249 
335 1629 285 662 1514 478 565 0 397 1139 
292 1491 142 586 1660 510 579 263 0 939 
899 1484 749 886 1896 385 976 713 668 0 
