25
13
198.51 2007.25
5 0 1 0 12 8 10 2 0 13 6 7 11 0 9 4 3 0 0 0 0 0 0 0 0 
381.19 11112.25
4 10 0 5 1 2 3 0 6 8 9 0 7 0 11 12 13 0 0 0 0 0 0 0 0 
1 1 1 0 0 0 0 1 2 1 0 2 2 
2 0 0 -1 0 0 2 0 0 0 

0 3.75 27.36 71.81 39.09 2.18 19.29 25.7 8.23 28.88 16.67 24.66 6.42 7.81 
3.01 0 30.44 71.69 38.38 4.96 23.32 30.02 12.56 24.73 19.92 28.6 10.78 12.05 
26.66 32.62 0 45.78 28.91 27.3 34.27 40.61 15.99 24.9 8.26 46.56 15.56 30.64 
67.98 71.31 45.33 0 30.11 68.94 100.63 102.44 57.51 49.88 53.24 104.78 57.39 78.52 
30.82 34.08 22.87 34.52 0 31.93 54.14 60.3 26.72 19.1 28.92 59.09 25.51 41.39 
2.62 3.98 26.87 72.22 38.57 0 20.09 25.76 7.69 29.63 16.16 24.73 5.88 7.9 
23.96 24.36 35.62 86.58 65.67 20.36 0 3.14 28.68 47.72 26.4 9.18 27.04 8.66 
29.88 29.82 41.24 92.23 71.9 25.93 3.7 0 34.03 53.63 32.22 4.03 31.68 13.38 
6.56 11.67 15.77 60.72 29.39 7.28 27 33.15 0 23.25 5.37 32.15 1.12 15.92 
23.6 20.23 21.38 52.26 19.08 26.77 41.56 48.42 20.57 0 26.6 47.16 20.28 30.52 
12.69 17.65 9.51 55.18 36.19 13.38 21.01 27.76 5.94 31.38 0 33.25 3.7 17 
27.37 27.76 45.55 105.57 68.93 23.84 6.67 2.33 32.01 51.25 34.73 0 29.64 11.16 
6.23 11.34 15.16 59.29 30.69 6.95 26.15 31.9 1.92 24.16 4.85 30.9 0 14.58 
11.3 12.99 30.94 81.11 48.58 8.82 6.9 13.05 17.56 36.07 20.49 11.96 15.03 0 

0 299 1178 1937 1196 171 781 1058 536 1020 803 1042 451 450 
236 0 1309 2077 1270 396 874 1125 704 886 934 1137 619 545 
1167 1182 0 1520 1158 1229 1212 1463 858 1155 523 1696 790 1356 
1839 1977 1525 0 978 1922 2154 2675 1901 1346 1802 2426 1833 2223 
864 1002 863 1079 0 947 1624 1856 822 632 1064 1840 814 1248 
206 319 1149 2016 1209 0 835 1099 507 1040 774 1083 422 491 
952 994 1239 2485 1772 922 0 251 1198 1570 1193 614 1113 558 
1146 1214 1433 2679 1966 1143 296 0 1419 1790 1387 324 1339 670 
440 636 799 1717 976 502 1088 1365 0 982 437 1349 87 757 
743 711 1016 1502 583 968 1231 1510 896 0 1152 1494 835 902 
642 838 564 1883 1417 704 959 1210 480 1299 0 1435 295 844 
1118 1160 1526 2503 1938 1089 467 186 1365 1736 1472 0 1285 616 
443 639 755 1906 1025 505 1130 1362 150 1005 394 1346 0 754 
679 662 1392 2359 1552 591 422 647 867 1238 974 631 787 0 
