53
13
451.28 48663.3
2 9 12 11 6 10 3 0 7 13 5 8 25 16 17 18 15 20 0 26 23 27 1 22 19 21 14 4 0 24 0 0 0 0 0 0 0 0 0 0 0 0 0 0 0 0 0 0 0 0 0 0 0 
956.85 29201.3
1 20 21 0 2 14 5 0 11 16 10 0 12 23 15 19 0 13 3 4 0 25 6 7 0 26 8 9 24 0 27 17 18 22 0 0 0 0 0 0 0 0 0 0 0 0 0 0 0 0 0 0 0 
0 0 2 2 2 2 2 2 2 2 0 0 0 1 2 1 2 2 2 2 2 2 1 2 0 0 0 
0 0 0 -1 0 0 0 2 2 2 

0 50.13 1.81 10.62 46.09 15.01 8.3 11.76 21.42 3.48 14.02 5 4.76 27.53 60.34 53.06 41.4 46.13 55.47 45.38 48.93 50.84 63.87 50.94 86.66 32.33 44.5 52.59 
48.35 0 46.35 59.85 87.9 34.01 53.91 34.28 38.86 45.25 61.69 44.88 43.63 27.5 69.31 43.05 34.44 38.23 47.25 52.45 47.54 65.01 40.96 27.26 65.18 34.24 31.51 21.7 
1.89 46.62 0 10.66 46.19 11.51 8.34 8.2 18.02 1.69 13.53 3.27 3.04 24.24 56.13 49.57 37.81 42.54 52 41.77 45.38 47.35 60.54 47.43 83.67 29.12 40.89 49.1 
12.62 57.27 11.7 0 42.71 24.36 11.58 18.48 30.49 12.99 8.65 12.08 17.66 33.56 62.9 63.71 52.42 57.03 66.11 55.42 59.69 63.6 74.19 61.56 94.49 41.4 55.41 59.74 
42.11 88.23 42.3 41.61 0 53.06 37.86 57.16 53.15 44.92 32.37 39.01 49.51 76.51 16.93 39.68 53.2 42.98 33.8 36.6 39.54 24.39 54.62 68.22 48.34 58.27 51.53 86.91 
13.96 34.85 11.93 22.78 58.18 0 19.32 13.29 4.68 10.84 25.49 10.64 15.03 16.54 50.02 36.84 26.83 30.78 38.91 29.93 32.66 35.85 47.88 35.41 71.9 17.8 29.56 36.52 
6.3 55.38 6.47 11.44 39.36 16.56 0 18.14 22.93 8.13 7.69 4.39 12.34 34.8 53.59 50.89 43.04 47.76 56.24 39.65 46.74 45.43 64.75 51.75 85.57 33.82 44.05 57.85 
15.03 39.46 11.46 24.27 62.08 18.56 22.32 0 23.81 9.5 29.1 14.59 8 13.51 64.83 57.06 45.46 50.19 59.5 49.06 52.24 55.62 65.55 48.65 88.63 34.43 48.54 41.66 
16.22 35.34 14.21 24.96 58.09 0.9 21.54 15.57 0 13.14 27.66 12.94 17.29 18.78 49.97 35.03 24.93 28.91 36.75 30.18 31.53 36.07 45.71 33.6 69.9 15.84 27.69 37.75 
3.53 45.43 1.66 12.64 47.43 10.93 9.11 6.97 17.46 0 15.99 3.2 2.36 23.09 55.47 48.9 37.27 41.85 51.33 41.26 44.7 46.69 59.89 46.76 83.05 28.57 40.2 47.92 
10.63 60.43 10.8 4.02 34.65 20.57 4.09 21.54 26.83 12.14 0 9.43 16.31 38.54 54.62 60.25 48.75 53.45 62.7 52.21 56.16 57.81 70.95 58.06 87.28 37.64 51.79 62.95 
4.17 48.83 3.58 11.81 43.35 10.44 5.26 12.06 16.98 3.65 14.81 0 5.37 29.17 55.01 48.43 36.84 41.36 50.86 40.84 44.22 46.21 59.44 46.28 82.65 28.12 39.71 51.31 
3.65 43.65 1.8 13 48.65 11.98 10.16 5.36 18.48 1.57 17.03 3.28 0 21.58 56.68 50.14 38.33 43.12 52.58 42.19 45.96 47.91 61.1 47.99 84.2 29.57 41.47 46.14 
23.76 30.69 20.34 31.81 69.49 9.91 30.4 6.94 15.37 18.46 36.42 22.14 16.98 0 61.6 48.4 36.74 41.33 50.84 39.88 43.45 47.36 57.03 39.83 80.6 27.27 39.83 34.16 
60.92 65.92 61.11 63.04 19.42 45.68 56.53 59.52 45.04 55.99 53.23 57.86 60.41 58.17 0 18.58 30.04 21.35 12.53 17.49 17.84 7.08 31.84 44.36 26.11 34.13 28.61 64.39 
50.18 45.8 48.19 62.46 40.6 29.82 49.34 50.21 30.28 47.1 53.02 46.72 51.68 41.05 22.75 0 9.33 4.66 3.56 6.51 4.35 19.77 12.67 26.62 33.53 19.54 10.91 44.08 
45.75 42.12 43.72 58.53 46.67 26.08 44.93 45.73 26.57 42.61 47.35 42.24 47.24 37.2 27.72 5.71 0 2.07 7.46 13.68 8.56 24.72 18.06 23.32 38.51 15.69 7.64 40.37 
52.65 47.56 50.69 64.16 41.89 32.23 52.04 52.39 32.67 49.6 55.72 49.22 54.16 43.85 23.69 3.66 8.75 0 3.29 9.16 5.35 20.69 14.25 28.12 34.46 22.05 11.67 45.86 
51.78 46.62 49.8 63.4 37.4 35.81 57.32 51.53 36.21 48.71 61.71 48.32 53.3 43.28 19.76 2.81 12.66 3.42 0 13.58 6.99 15.34 14.72 26.89 28.3 25.7 11.14 44.91 
49.61 51.56 42.61 56.07 38.55 25.75 41.5 44.57 26.27 46.52 44.45 41.14 46.11 40.44 21.41 5.12 13.1 9.03 9.52 0 2.29 12.55 18.14 32.1 40.36 18.79 16.92 50.82 
46.74 46.7 44.72 58.42 42.62 26.71 45.9 46.75 27.18 43.61 48.84 43.24 48.25 37.81 24.56 2.83 10.56 4.88 4.34 4.28 0 18.14 12.94 29.32 35.25 16.29 11.68 46.2 
50.71 67.04 48.74 62.04 29.35 31.8 47.12 51.52 32.29 47.65 50.66 47.3 52.16 54.31 11.42 20.34 27.13 23.34 13.33 10.08 16.01 0 33.45 45.8 37.9 32.38 30.16 65.51 
58.75 38.36 56.83 70.08 61.91 42.9 63.75 57.83 43.07 55.78 67.51 55.39 60.25 49.66 36.01 8.01 18.83 12.6 14.62 19.75 14.73 32.12 0 20.57 29.13 31.23 15.43 36.76 
42.2 22.14 40.15 53.97 65.61 28.36 47.55 37.68 28.83 39.02 51.22 38.7 43.7 31.07 45.41 22.4 12.85 16.98 25.09 29.94 26.01 41.05 20.59 0 41.76 17.24 10.4 19.95 
84.48 65.24 82.81 93.76 49.96 69.11 88.01 84.02 69.13 81.87 85.2 81.46 85.96 76.3 31.15 31.87 43.7 34.5 26.16 43.71 37.69 37.17 29.9 44.45 0 55.82 38.82 63.7 
31.53 32.34 29.67 41.5 58.94 15.32 36.29 30.09 13.81 28.68 38.85 28.47 32.57 23.61 38.7 21.63 13.57 17.69 24.79 18.57 16.3 30.61 32.87 21.88 56.27 0 14.84 33.95 
39.85 35.74 37.78 51.78 53.84 24.68 45.63 39.51 25.18 36.74 50.04 36.52 41.38 32.56 33.89 12.42 2.72 5.97 14.14 18.69 15.17 30.91 16.86 15.79 37.47 14.38 0 34.11 
51.03 20.38 49.05 62.5 87.12 35.99 56.54 36.28 41.75 47.96 64.36 47.59 46.32 29.95 68.43 42.03 33.48 37.29 46.25 51.48 46.54 64.1 39.94 20.17 64.27 35.84 30.53 0 

0 1721 142 633 1545 652 526 648 911 276 557 405 387 1169 1730 1545 1237 1321 1494 1666 1456 1831 1790 1617 2184 1156 1337 1636 
1537 0 1443 1716 2346 1155 1734 1109 1361 1399 1686 1423 1470 1342 1887 1407 1171 1255 1427 1638 1618 2011 1364 1151 1758 1337 1131 1069 
148 1577 0 624 1536 508 517 439 767 132 507 261 243 1025 1736 1401 1093 1177 1350 1543 1312 1687 1646 1473 2040 1012 1193 1492 
592 1846 535 0 1275 810 699 752 1069 587 487 681 737 1294 1626 1703 1395 1479 1652 1838 1614 1866 1948 1775 2373 1314 1495 1761 
1257 2263 1260 1241 0 1367 1190 1632 1474 1336 914 1230 1442 1980 592 1138 1373 1188 983 1317 1268 922 1566 1812 1339 1682 1339 2154 
573 1188 479 847 1681 0 770 417 376 435 722 459 541 612 1519 1092 784 868 1041 1168 891 1337 1337 1164 1731 703 884 1103 
463 1786 466 643 1335 635 0 741 894 511 496 354 617 1296 1520 1657 1207 1290 1460 1498 1238 1605 1709 1536 2236 1139 1315 1701 
724 1338 574 766 1967 591 887 0 797 490 935 675 493 801 2023 1465 1157 1241 1414 1608 1330 1758 1560 1347 1954 1030 1257 1253 
644 1286 550 918 1759 70 841 488 0 506 793 530 612 683 1597 1036 728 812 985 1246 947 1415 1281 1108 1675 647 828 1209 
280 1522 130 637 1651 501 565 449 760 0 570 254 188 970 1729 1394 1086 1170 1343 1536 1305 1680 1639 1466 2033 1005 1186 1437 
439 1739 442 326 995 588 332 769 847 461 0 396 567 1249 1346 1481 1173 1257 1430 1623 1392 1767 1726 1553 2093 1092 1273 1654 
335 1629 285 662 1514 478 428 584 737 291 565 0 397 1139 1706 1371 1063 1147 1320 1513 1282 1657 1616 1443 2010 982 1163 1544 
292 1491 142 586 1660 510 574 418 769 123 579 263 0 939 1738 1403 1095 1179 1352 1545 1314 1689 1648 1475 2042 1014 1195 1406 
899 1484 749 886 1896 385 1024 306 591 665 976 713 668 0 1734 1342 1034 1118 1291 1402 1207 1559 1437 1224 1831 907 1099 1130 
1639 1762 1642 1624 728 1192 1572 1771 1444 1623 1297 1612 1729 1615 0 637 872 687 482 816 672 467 1065 1311 838 1086 838 1653 
1442 1452 1348 1583 1206 868 1542 1286 975 1304 1379 1328 1410 1290 747 0 657 373 287 465 346 871 634 1001 1001 761 528 1343 
1367 1331 1273 1631 1274 793 1467 1211 900 1229 1518 1253 1335 1215 815 406 0 164 355 664 545 939 823 880 1069 686 431 1222 
1440 1488 1346 1619 1187 953 1627 1320 1060 1302 1464 1326 1408 1375 728 292 624 0 268 550 431 852 670 1037 982 846 654 1379 
1302 1350 1208 1481 1159 994 1499 1182 1101 1164 1424 1188 1270 1143 700 225 460 275 0 670 566 794 653 899 1003 887 426 1241 
1370 1816 1431 1773 1461 951 1627 1369 1058 1232 1464 1411 1493 1218 979 360 677 503 488 0 182 722 737 1086 1202 689 671 1428 
1321 1460 1227 1500 1272 747 1421 1165 854 1183 1529 1207 1289 1169 813 225 627 395 353 345 0 843 602 1137 1067 640 536 1429 
1723 1990 1629 1902 1123 1143 1756 1561 1250 1585 1593 1609 1691 1826 641 920 1144 970 676 544 727 0 1282 1539 1276 1142 1121 1881 
1540 1227 1446 1719 1854 1221 1771 1274 1328 1402 1608 1426 1508 1235 1171 424 905 650 606 819 699 1258 0 826 901 968 675 1118 
1297 927 1203 1476 1752 853 1527 973 960 1159 1364 1183 1265 934 1293 819 577 661 833 1044 1024 1417 776 0 1170 724 543 1006 
2091 1778 1997 2425 1529 1892 2348 1825 1999 1953 2098 1977 2097 1786 1070 1052 1287 1102 897 1476 1278 1290 995 1378 0 1692 1226 1669 
1077 1272 983 1256 1645 601 1246 904 780 939 1083 963 1045 865 1163 751 550 633 795 730 573 1108 1051 878 1445 0 658 1187 
1132 1181 1038 1311 1448 787 1329 1012 894 994 1255 1018 1100 973 989 581 218 382 529 851 720 1113 726 786 1119 689 0 1072 
1511 980 1417 1690 2283 1129 1708 1084 1431 1373 1660 1397 1445 1045 1824 1344 1108 1192 1364 1575 1555 1948 1301 1026 1695 1279 1068 0 
