37
13
467.45 16690.8
13 5 8 14 6 10 0 19 4 3 9 0 18 17 2 1 0 12 7 16 11 0 15 0 0 0 0 0 0 0 0 0 0 0 0 0 0 
887.52 5154.8
2 3 0 5 0 6 0 7 0 8 1 0 9 4 0 11 0 12 0 13 14 15 0 16 0 17 10 0 18 19 0 0 0 0 0 0 0 
2 0 1 1 0 0 0 0 0 1 0 0 0 1 2 0 0 0 2 
0 0 0 -1 0 1 0 0 0 0 

0 42.24 41.06 40.23 28.66 26.72 37.57 64.71 32.49 44.38 44.62 60.65 57.89 14.11 33.98 71.91 99.43 43.93 31.41 20.44 
45.47 0 2.34 24.55 24.17 26.94 5.14 27.58 21.7 12 4.33 50.91 21.51 28.04 10.82 65.3 62.7 6.96 34.88 37.63 
41.46 3.25 0 21.18 20.82 23.62 4.98 24.24 18.29 8.45 9.18 47 18.09 24.65 7.24 69.85 58.93 4.87 31.7 34.46 
36 23.07 22.34 0 5.43 11.09 21.54 37.78 9.74 10.23 28.27 36.64 29.96 28.23 15.62 74.33 70.27 11.98 16.43 19.99 
28.55 26.89 26.19 5.08 0 10.41 21.48 42.22 8.43 16.5 28.21 36.43 34.57 24.85 14.34 73.51 76.67 18.01 11.87 10.93 
29.71 26.31 25.58 15.53 9.86 0 21.74 48.91 2.73 18.12 28.06 49.6 41.83 14.62 9.88 59.71 78.96 17.92 24.5 16.64 
42.71 3.77 5.58 25.89 24.44 24.43 0 26.5 19.12 13.69 3.14 51.94 20.37 26.09 7.86 63.6 62.08 9.24 35.13 37.57 
67.32 27.49 26.76 37.31 43.33 46.1 26.87 0 40.45 25.44 33.46 40.71 9.54 48.72 30.23 94.2 37.37 24.03 53.32 58.19 
30.39 23.48 22.76 13.67 8.12 3.8 19.32 42.1 0 15.68 25.26 47.19 36.32 17.97 6.88 61.82 73.47 15.49 22.86 13.99 
42.07 14.86 14.11 7.02 13.22 17.46 15.76 30.04 12.16 0 22.69 37.52 22.06 32.91 12.58 81.17 60.17 5.45 22.48 26.18 
47.92 4.78 8.61 31.77 30.32 29.89 3.7 32.37 24.73 19.91 0 58.49 26.4 30.51 12.59 57.37 68.38 15.54 40.68 43.38 
62.07 48.42 47.26 33.25 34.35 47.18 49.5 48.23 45.61 33.78 56.78 0 41.75 65.33 47.06 110.62 66.4 38.3 26.2 40.98 
52.38 13.42 12.68 24.09 29.88 32.21 13.03 9.8 27.11 11.47 20.05 35.97 0 33.6 16.54 80.44 43.73 10.04 38.49 42.87 
12.47 35.42 34.67 31.82 23.81 17.03 29.74 56.56 18.16 27.57 37.47 66.25 49.61 0 19.59 66.02 86.92 27.35 34.63 18.39 
35.44 10.63 9.87 19.37 13.8 11.86 6.35 30.66 6.23 8.97 12.53 46.81 24.62 22.04 0 67.29 66.9 8.78 28.18 24.54 
72.64 63.09 68 78.39 73.14 62.54 61.35 88.58 61.24 73.87 54.4 111.03 85.51 58 64.97 0 112.06 73.37 86.66 72.63 
95.18 59.48 58.32 63.08 68.41 70.94 54.99 35.64 65.85 50.16 62.14 58.08 35.94 78.35 59.13 112.9 0 51.59 78.62 83 
42.81 7.8 7.05 15.03 17.6 19.58 9.08 24.53 14.15 3.26 16.2 40.67 16.84 30.38 8.13 75.56 59.87 0 28.65 32.38 
35.38 36.97 36.29 15.49 7.58 23.53 31.84 54.71 21.97 26.2 38.22 28.56 47.81 36.34 27.52 85.63 85.82 27.83 0 16.21 
19.69 38.08 37.36 21.17 11.87 8.75 33.87 57.7 13.14 28.05 39.71 43.24 50.79 20.43 22.53 71.65 86.98 29.67 15.6 0 

0 1138 1178 1454 1198 1028 1013 1657 981 1160 1301 1635 1501 670 987 1533 2467 1197 1224 881 
1323 0 185 1011 1111 1164 401 1099 930 586 349 1552 945 839 544 1579 1909 467 1552 1475 
1247 258 0 936 1036 1089 400 1023 855 511 618 1477 869 763 468 1778 1833 392 1477 1400 
1279 964 1004 0 440 598 1024 1496 582 587 1275 1402 1259 1180 765 1590 2025 645 881 764 
1194 1220 1260 411 0 617 979 1634 554 774 1230 1396 1397 1209 737 1628 2386 875 757 670 
1185 1064 1104 806 539 0 888 1526 216 710 1165 1464 1370 561 536 1296 2267 747 1062 743 
1383 297 452 942 1128 1092 0 964 858 558 251 1508 809 899 518 1500 1774 571 1569 1361 
1761 1088 1128 1236 1417 1479 945 0 1245 811 1196 1384 489 1277 974 2061 1720 902 1717 1668 
1170 1051 1091 646 489 303 920 1492 0 744 1152 1417 1336 706 523 1427 2183 781 1011 655 
1400 673 713 453 634 720 682 1294 701 0 933 1193 1068 1119 649 1712 1859 438 934 885 
1495 385 593 1136 1322 1313 296 1158 1079 752 0 1702 1003 1011 630 1326 1968 765 1763 1555 
1740 1419 1459 1385 1364 1400 1429 1378 1385 1099 1680 0 1040 1781 1254 2392 2015 1249 1223 1299 
1373 674 714 849 1030 1092 558 527 858 424 809 1198 0 889 586 1673 1338 515 1330 1281 
550 1181 1221 1179 1012 670 982 1573 718 825 1254 1694 1417 0 653 1455 2264 862 1322 705 
1262 519 559 961 694 680 395 1034 446 427 620 1346 878 683 0 1467 1844 464 1217 1004 
1574 1477 1685 1719 1571 1386 1393 1881 1335 1515 1153 2434 1823 1205 1344 0 2388 1552 2077 1559 
2314 1625 1665 1802 1945 1918 1498 1555 1684 1294 1749 1555 1043 1830 1527 2362 0 1455 2200 2234 
1455 498 538 858 895 872 570 916 638 263 821 1229 908 885 559 1696 1726 0 1336 1302 
1377 1616 1656 807 506 1092 1375 1784 1043 1077 1626 1348 1628 1472 1226 2061 2515 1135 0 954 
883 1389 1429 965 657 390 1209 1650 607 943 1490 1347 1494 957 861 1468 2391 1001 833 0 
