35
13
323.0 4980.0
2 9 12 11 0 6 10 3 0 7 13 14 5 0 8 18 17 15 0 4 16 0 1 0 0 0 0 0 0 0 0 0 0 0 0 
590.55 4993.0
1 0 2 7 8 0 3 0 4 5 0 10 6 0 11 9 12 13 0 14 15 0 16 0 17 0 18 0 0 0 0 0 0 0 0 
0 0 0 0 2 2 1 2 1 0 0 2 2 0 2 0 0 0 
0 0 0 -1 0 0 0 0 0 0 

0 50.13 1.81 10.62 46.09 15.01 8.3 11.76 21.42 3.48 14.02 5 4.76 27.53 27.53 53.47 60.88 40.38 38.52 
48.35 0 46.35 59.85 87.9 34.01 53.91 34.28 38.86 45.25 61.69 44.88 43.63 27.5 27.5 44.45 55.98 33.6 32.03 
1.89 46.62 0 10.66 46.19 11.51 8.34 8.2 18.02 1.69 13.53 3.27 3.04 24.24 24.24 49.98 57.5 36.97 35.41 
11.98 57.27 11.03 0 42.71 24.36 11.58 18.48 30.49 12.33 8.65 13.46 17.66 33.56 33.56 64.09 71.28 51.42 49.57 
42.11 88.23 42.3 41.61 0 53.06 37.86 57.16 53.15 44.92 32.37 39.01 49.51 76.51 76.51 40.32 33.48 52.2 50.34 
13.96 34.85 11.93 22.78 58.18 0 19.32 13.29 4.68 10.84 25.49 10.64 15.03 16.54 16.54 37.21 43.38 25.96 24.32 
6.3 55.38 6.47 10.78 39.36 16.56 0 18.14 22.93 8.13 7.69 4.39 12.34 34.62 34.62 53.38 58.02 42.02 40.11 
15.03 39.46 11.46 24.27 62.08 18.56 22.32 0 23.81 9.5 29.1 14.59 8 13.51 13.51 57.46 63.32 44.44 42.54 
16.22 35.34 14.21 24.96 58.09 0.9 21.54 15.57 0 13.14 27.66 12.94 17.29 18.78 18.78 35.4 43.33 24.05 22.4 
3.53 45.43 1.66 13.47 47.43 10.93 9.11 6.97 17.46 0 15.99 3.2 2.36 23.09 23.09 49.31 56.85 36.44 34.87 
10.63 60.43 10.8 4.02 34.65 20.57 4.09 21.54 26.83 12.14 0 9.43 16.31 38.54 38.54 60.65 67.97 47.73 45.85 
4.17 48.83 3.58 11.81 43.35 10.44 5.26 12.06 16.98 3.65 14.81 0 5.37 29.17 29.17 48.84 56.39 36.01 34.44 
3.65 43.65 1.8 13 48.65 11.98 10.16 5.36 18.48 1.57 17.03 3.28 0 21.58 21.58 50.56 58.07 37.42 35.86 
23.76 30.69 20.34 31.81 69.49 9.91 30.4 6.94 15.37 18.46 36.42 22.14 16.98 0 0 48.82 54.83 35.9 34.33 
23.76 30.69 20.34 31.81 69.49 9.91 30.4 6.94 15.37 18.46 36.42 22.14 16.98 0 0 48.82 54.83 35.9 34.33 
50.77 45.05 48.79 62.35 43.47 32.12 51.9 50.5 32.57 47.69 55.57 47.31 52.28 42.3 42.3 0 13.95 11.28 9.53 
57.01 57.23 55.08 68.33 33.27 35.68 56.14 57.09 36.09 54.02 59.84 53.64 58.5 48.06 48.06 10.61 0 21.98 20.5 
46.81 43.15 44.8 59.55 47.28 27.02 45.99 46.8 27.5 43.69 49.65 43.31 48.3 38.09 38.09 6.56 16.34 0 7.42 
40.35 36.14 38.28 52.26 49.14 26.58 46.12 40.01 27.92 37.15 50.52 36.92 41.88 32.97 32.97 8.3 18.02 0.59 0 

0 1721 142 633 1545 652 526 648 911 276 557 405 387 1169 1169 1563 1737 1213 1166 
1537 0 1443 1716 2346 1155 1734 1109 1361 1399 1686 1423 1470 1342 1342 1506 1732 1147 1100 
148 1577 0 624 1536 508 517 439 767 132 507 261 243 1025 1025 1419 1593 1069 1022 
674 1846 616 0 1275 810 699 752 1069 668 487 618 737 1294 1294 1721 1895 1371 1324 
1257 2263 1260 1241 0 1367 1190 1632 1474 1336 914 1230 1442 1980 1980 1159 1164 1348 1300 
573 1188 479 847 1681 0 770 417 376 435 722 459 541 612 612 1110 1218 760 713 
463 1786 466 687 1335 635 0 741 894 511 496 354 617 1374 1374 1483 1565 1183 1136 
724 1338 574 766 1967 591 887 0 797 490 935 675 493 801 801 1483 1657 1133 1086 
644 1286 550 918 1759 70 841 488 0 506 793 530 612 683 683 1054 1296 704 657 
280 1522 130 708 1651 501 565 449 760 0 570 254 188 970 970 1412 1586 1062 1015 
439 1739 442 326 995 588 332 769 847 461 0 396 567 1249 1249 1499 1673 1149 1102 
335 1629 285 662 1514 478 428 584 737 291 565 0 397 1139 1139 1389 1563 1039 992 
292 1491 142 586 1660 510 574 418 769 123 579 263 0 939 939 1421 1595 1071 1024 
899 1484 749 886 1896 385 1024 306 591 665 976 713 668 0 0 1360 1534 1010 963 
899 1484 749 886 1896 385 1024 306 591 665 976 713 668 0 0 1360 1534 1010 963 
1381 1487 1287 1560 1376 954 1628 1261 1061 1243 1465 1267 1349 1222 1222 0 781 514 466 
1592 1847 1498 1771 1189 1018 1692 1436 1125 1454 1529 1478 1560 1440 1440 618 0 842 745 
1397 1356 1303 1661 1255 823 1497 1241 930 1259 1334 1283 1365 1245 1245 406 651 0 417 
1143 1192 1049 1322 1301 760 1340 1023 862 1005 1266 1029 1111 984 984 452 697 46 0 
