31
10
398.25 3438.85
13 0 12 0 1 3 2 4 0 14 15 16 8 0 5 6 7 9 0 10 11 0 0 0 0 0 0 0 0 0 0 
724.24 4184.85
5 6 0 7 0 8 0 9 0 10 0 11 12 0 13 1 3 2 0 14 4 0 15 16 0 0 0 0 0 0 0 
1 2 1 2 0 1 0 0 0 0 0 2 0 0 0 2 
0 0 0 -1 0 2 0 0 0 0 

0 9.1 33.66 19.85 40.82 44.42 49.32 48.66 60.09 60.99 69.92 82.99 7.52 6.92 30.8 43.31 57.22 
7.95 0 21.37 10.66 34.05 39.96 44.86 41.85 53.94 57.62 65.09 80.83 9.43 14.71 26.16 37.02 51.07 
30.03 20.82 0 10.9 13 17.9 27.16 36.89 49.25 64.62 74.47 89.79 30.92 37.65 36.66 41.18 46.37 
18.69 9.79 11.15 0 21 25.3 31.45 33.99 46.37 55.56 65.45 80.83 20.17 26.19 27.52 32.09 43.48 
39.73 28.72 9.83 20.71 0 10.53 28.54 37.4 49.76 71.24 81.08 96.38 39.22 45.92 44.27 44.85 46.87 
44.31 36.79 18.79 25.46 10.88 0 14.11 31.92 46.23 67.71 77.56 92.88 44.33 49.64 40.7 41.31 43.33 
48.7 42.38 28.72 33.14 25.32 13.96 0 16.48 31.78 60.93 71.17 86.5 48.72 54.03 42.74 30.54 28.63 
48.04 39.39 39.48 34.05 37.8 30.59 16.47 0 15.69 50.49 60.77 76.16 47.09 53.37 34.58 22.31 12.52 
57.93 50.42 51.71 46.31 50.04 46.45 31.74 15.91 0 46.31 56.6 72.02 57.95 63.23 34.59 21.58 4.19 
59.36 56.1 69.7 58.33 72.59 69.27 61.52 51.95 46.27 0 10.86 26.49 53 62.83 31.56 29.8 46.87 
72.73 65.03 78.59 67.27 82.18 78.18 71.75 62.22 56.56 10.43 0 16.46 61.94 71.76 40.56 40.15 57.16 
81.79 78.14 90.01 78.74 93.58 89.6 83.3 73.69 68.07 22.14 14.22 0 73.42 80.81 52.15 51.73 68.67 
8.28 13.25 32.29 22.86 41.52 45.98 50.43 46.99 57.78 53.5 63.89 76.99 0 7.15 22 35.45 55.27 
5.17 13.3 32.47 22.84 44.6 48.19 54.92 52.42 63.57 58.26 70.74 83.47 7.62 0 27.8 40.33 60.7 
29.92 26.62 41.39 29.89 44.44 41.61 40.19 33.91 35.13 30.96 40.92 56.41 23.42 27.89 0 13.93 32.58 
43.5 34.87 43.41 31.93 43.1 40.3 33.48 22.99 21.62 29.92 40.27 55.76 35.44 44.24 13.97 0 19.06 
55.06 47.54 48.83 43.42 47.15 44.35 28.83 12.48 4.23 46.95 57.24 72.66 55.08 60.37 32.6 19.58 0 

0 244 661 458 769 838 903 865 1129 1076 1094 1185 200 209 616 820 1029 
210 0 510 317 731 788 853 755 1052 1027 1160 1305 229 365 584 740 952 
608 449 0 257 344 368 511 657 912 1068 1200 1391 622 763 719 827 811 
472 262 289 0 457 546 614 605 860 876 1008 1199 491 599 527 660 759 
804 632 251 463 0 286 533 647 902 1129 1261 1452 829 895 763 780 801 
856 704 450 560 309 0 293 607 824 1043 1175 1366 851 967 677 702 723 
872 734 550 637 523 272 0 353 682 1072 1209 1400 867 983 679 578 568 
861 680 696 591 658 599 346 0 398 881 1018 1209 833 972 649 458 284 
1124 942 930 825 892 904 635 364 0 753 889 1080 1119 1235 682 436 139 
1044 958 1147 882 1233 1070 1068 898 740 0 208 399 929 982 520 488 737 
1107 1063 1252 987 1301 1175 1235 1065 907 216 0 338 1034 1087 625 655 904 
1081 1234 1484 1219 1533 1407 1456 1296 1138 447 345 0 1266 1061 857 886 1135 
198 285 692 448 839 888 902 864 1142 941 1002 1093 0 234 498 723 1074 
180 349 745 571 864 933 1003 960 1213 1064 1112 1387 235 0 598 831 1112 
610 524 775 510 788 706 723 635 705 537 669 860 482 617 0 294 637 
782 678 867 602 797 723 629 481 460 530 667 858 712 875 306 0 392 
1041 859 847 742 809 735 552 289 149 766 902 1093 1036 1152 645 399 0 
