0 244 661 458 769 838 903 865 1129 1076 1094 1185 200 209 616 820 1029 
210 0 510 317 731 788 853 755 1052 1027 1160 1305 229 365 584 740 952 
608 449 0 257 344 368 511 657 912 1068 1200 1391 622 763 719 827 811 
472 262 289 0 457 546 614 605 860 876 1008 1199 491 599 527 660 759 
804 632 251 463 0 286 533 647 902 1129 1261 1452 829 895 763 780 801 
856 704 450 560 309 0 293 607 824 1043 1175 1366 851 967 677 702 723 
872 734 550 637 523 272 0 353 682 1072 1209 1400 867 983 679 578 568 
861 680 696 591 658 599 346 0 398 881 1018 1209 833 972 649 458 284 
1124 942 930 825 892 904 635 364 0 753 889 1080 1119 1235 682 436 139 
1044 958 1147 882 1233 1070 1068 898 740 0 208 399 929 982 520 488 737 
1107 1063 1252 987 1301 1175 1235 1065 907 216 0 338 1034 1087 625 655 904 
1081 1234 1484 1219 1533 1407 1456 1296 1138 447 345 0 1266 1061 857 886 1135 
198 285 692 448 839 888 902 864 1142 941 1002 1093 0 234 498 723 1074 
180 349 745 571 864 933 1003 960 1213 1064 1112 1387 235 0 598 831 1112 
610 524 775 510 788 706 723 635 705 537 669 860 482 617 0 294 637 
782 678 867 602 797 723 629 481 460 530 667 858 712 875 306 0 392 
1041 859 847 742 809 735 552 289 149 766 902 1093 1036 1152 645 399 0 
