23
13
293.28 9660.45
4 0 9 8 2 11 0 7 3 5 12 0 6 1 10 0 0 0 0 0 0 0 0 
443.21 14352.45
1 2 0 4 3 11 12 0 5 6 0 7 8 9 10 0 0 0 0 0 0 0 0 
0 2 1 0 0 2 0 1 2 2 2 2 
2 0 0 -1 0 0 0 0 0 0 

0 62.84 27 43.69 5.83 39.87 49.36 28.35 18.07 11.14 55.48 34.93 44.26 
66.65 0 34.1 31.85 72.11 21.16 60.06 35.76 53.14 53.41 10.22 24.2 16.88 
26.19 34.24 0 31.2 37.85 13.49 63.91 31.65 16.17 21.62 25.53 8.41 17.75 
44.17 30.35 29.18 0 45.71 15.43 27.28 15.65 44.56 52.22 40.33 36.63 37.59 
4.99 67.21 31.11 45.11 0 41.79 40.17 28.45 21.29 18.92 56.01 38.89 48.95 
40.19 20.7 13.4 15.42 52.99 0 46.49 15.9 29.85 35.16 21.06 21.35 20.09 
47.59 59.41 59.8 24.12 38.61 43.82 0 30.11 66.27 59.59 66.66 68.19 67.12 
30.2 35.31 30.41 15.88 31.67 16.4 32.63 0 33.59 34 40.04 37.78 37.57 
16.6 47.78 11.23 41.71 23.36 25.27 66.33 31.4 0 5.07 37.76 21.82 30.3 
12.37 54.16 18.21 50.58 17.02 32.16 63.18 30.18 5.93 0 45.21 27.51 35.8 
51.65 14.87 25.87 40.3 58.7 22.3 68.53 39.52 42.8 43.04 0 16.44 4.44 
34.78 22.71 13.96 40.06 44.91 23.1 70.4 40.36 27.05 26.79 13.49 0 8.12 
43.46 15.14 15.99 36.97 54.56 19.96 68.22 37.37 35.02 35 4.55 6.63 0 

0 1720 906 1313 472 1124 1609 1167 736 563 1475 1044 1234 
2119 0 1230 1180 2004 944 1672 1516 1692 1554 492 963 944 
811 1216 0 1134 1183 731 1895 1203 922 846 907 511 730 
1322 1048 984 0 1409 705 965 881 1709 1531 1239 1203 1153 
405 1862 1048 1282 0 1337 1276 1077 872 756 1636 1186 1376 
1087 875 576 688 1480 0 1449 754 1301 1122 779 794 819 
1349 1608 1552 868 1121 1273 0 998 1806 1583 1497 1771 1650 
1079 1488 1122 796 1166 808 1323 0 1550 1556 1481 1340 1395 
567 1405 657 1554 841 1040 1902 1310 0 410 1096 729 919 
564 1572 801 1490 605 976 1718 1345 480 0 1331 896 1086 
1377 645 949 1366 1857 881 1581 1404 1326 1188 0 667 360 
985 824 686 1237 1116 723 1688 1306 888 750 514 0 525 
1094 757 582 1148 1338 634 1658 1217 1034 972 357 380 0 
