0 781 514 466 1166 661 1225 1087 0 839 1021 
618 0 842 745 624 478 1024 1308 618 1110 563 
406 651 0 417 1007 540 1104 956 406 915 891 
452 697 46 0 1053 586 1150 792 452 601 937 
997 837 1129 1138 0 815 971 1701 997 1235 173 
424 563 613 565 842 0 935 1128 424 938 781 
1036 1041 1225 1177 691 734 0 1740 1036 1671 808 
1032 1258 673 626 1528 1157 1721 0 1032 633 1508 
0 781 514 466 1166 661 1225 1087 0 839 1021 
1073 1293 723 676 1454 1208 1870 678 1073 0 1392 
857 728 989 998 534 913 903 1561 857 1201 0 
