19
13
198.840000
8 3 2 0 1 5 10 4 0 9 7 0 6 0 0 0 0 0 0  

0 13.95 11.28 9.53 31.63 14.92 38.69 34.36 0 29.77 22.82 
10.61 0 21.98 20.5 16.57 6.47 29.74 46.19 10.61 35.65 14.36 
6.56 16.34 0 7.42 35 17.49 42.34 32.52 6.56 27.04 25.2 
8.3 18.02 0.59 0 36.55 19.16 44.23 25.87 8.3 20.75 26.81 
22.15 16.56 30.06 30.28 0 22.07 21.86 56.68 22.15 33.21 2.19 
9.38 7.84 19.73 18.04 21.98 0 29.23 43.97 9.38 38.25 19.83 
34.11 27.62 45.05 43.15 17.53 21.83 0 71.55 34.11 55.17 20.47 
32.59 43.06 21.77 20.11 63.91 44.85 72.19 0 32.59 22.13 52.83 
0 13.95 11.28 9.53 31.63 14.92 38.69 34.36 0 29.77 22.82 
35.38 41.6 24.03 22.38 43.62 47.51 67.97 20.02 35.38 0 33.83 
19.81 13.04 27.83 28.06 7.99 18.76 20.65 54.54 19.81 31.08 0 
