25
13
200.01 4270.5
4 0 12 11 2 5 0 6 7 3 1 0 13 0 10 9 0 8 0 0 0 0 0 0 0 
309.31 2922.5
1 2 0 6 0 7 4 0 8 0 9 0 10 0 11 3 0 12 5 0 13 0 0 0 0 
0 2 2 2 2 0 0 0 0 0 0 0 0 
0 1 1 -1 1 0 0 0 0 0 

0 10.72 5.99 13.77 1.76 21.73 10 16.12 34.99 19.2 18.45 6.27 5.08 10.29 
8.36 0 14.84 4.55 7.59 30.02 10.56 5.3 32.16 23.92 23.18 16.6 11.12 3.24 
7.07 15.58 0 19.83 6.29 15.07 16.73 22.13 39.65 18.07 17.32 3.96 10.86 15.14 
8.98 4.83 14.94 0 8.22 31.89 3.96 2.28 31.42 18.14 17.39 19.5 14.08 6.63 
0.21 9.16 6.56 10.38 0 22.27 6.55 12.77 35.49 15.89 15.13 6.83 5.25 10.83 
19.26 25.64 13.28 29.92 18.41 0 27.65 32.13 50.56 27.91 27.16 10.63 12.62 25.19 
8.06 11.44 13.93 6.34 7.29 29.88 0 5.01 36.67 11.66 10.92 20.42 15.18 13.25 
12.47 7.05 19.31 3.15 11.72 35.86 8 0 32.19 19.04 18.31 22.81 17.48 10.15 
41.17 27.62 46.41 29.43 40.97 54.72 37.69 31.07 0 42.24 41.06 40.23 28.66 26.72 
13.99 25.25 17.51 21 13.24 33.9 10.97 19.03 45.47 0 2.34 24.55 24.17 26.94 
10.47 21.89 14.03 17.59 9.71 30.66 7.4 15.57 41.46 3.25 0 21.18 20.82 23.62 
5.46 11.53 5.05 18.47 4.93 15.82 16.91 20.79 36 23.07 22.34 0 5.43 11.09 
4.89 10.85 9.88 17.83 4.36 16.16 16.83 20.14 28.55 26.89 26.19 5.08 0 10.41 
10.02 1.35 14.05 6.53 9.13 29.31 13.11 8.52 29.71 26.31 25.58 15.53 9.86 0 

0 598 410 742 138 875 683 812 1290 1011 1046 488 411 632 
526 0 647 365 494 1112 593 430 1102 957 997 762 605 257 
534 651 0 865 501 690 967 935 1365 745 785 314 599 685 
533 393 567 0 501 1079 322 179 1123 758 798 807 650 475 
16 586 426 593 0 891 534 663 1305 862 897 503 426 647 
818 947 702 1082 774 0 1175 1152 1662 998 1038 655 698 981 
545 658 652 516 512 1203 0 403 1322 641 681 1032 754 740 
699 568 753 248 667 1323 560 0 1223 862 902 973 816 641 
1312 849 1262 942 1175 1603 1100 990 0 1138 1178 1454 1198 1028 
701 1082 771 949 668 1279 607 883 1323 0 185 1011 1111 1164 
626 1007 696 874 593 1204 531 807 1247 258 0 936 1036 1089 
443 564 408 836 399 880 944 906 1279 964 1004 0 440 598 
398 583 533 864 354 845 899 934 1194 1220 1260 411 0 617 
573 106 578 522 529 1043 700 587 1185 1064 1104 806 539 0 
