19
13
138.460000
1 2 5 3 0 6 8 0 7 9 10 0 4 0 0 0 0 0 0 

0 1.9 6.48 8.03 31.35 4.79 6.52 8.45 10.44 10.56 18.92 
3.93 0 5.9 7.45 32.38 7.38 9.82 12.49 13.69 14.57 20.72 
3.29 8.63 0 1.95 39.92 1.9 16.05 15.21 19.8 5.11 8.95 
4.09 9.6 0.3 0 40.92 2.18 16.99 16.14 20.73 6.06 9.93 
31.83 28.14 36.73 38.06 0 37.58 34.42 44.27 28.97 43.16 51.92 
1.34 3.29 3.27 4.05 35.27 0 10.86 10.03 14.7 7.8 16.71 
10.38 6.4 16.85 17.55 40.23 11.79 0 14.83 6.52 17.4 25.53 
9.03 12.99 17 15.74 42.78 9.53 18.65 0 23.93 4.77 22.35 
11.09 2.72 14.76 16.25 35.89 16.16 3.04 23.59 0 23.09 29.04 
12.95 18.24 8.76 8.43 48.51 8.65 22.93 5.45 28.93 0 15.1 
13.54 18.84 3.93 3.21 50.97 9.12 25.97 24.92 29.54 14.82 0 
