27
13
230.6 9002.85
6 5 2 11 4 8 7 0 1 12 3 10 14 0 13 9 0 0 0 0 0 0 0 0 0 0 0 
432.97 8525.85
5 7 9 0 6 1 2 3 0 8 14 13 0 10 11 0 12 4 0 0 0 0 0 0 0 0 0 
1 2 2 1 0 0 1 0 2 0 1 0 2 1 
0 0 0 -1 0 0 2 0 0 0 

0 9.03 9.75 27.16 19.86 4.01 3.44 37.19 20.94 45.42 25.48 9.94 23.24 45.16 29.6 
9.93 0 17.61 23.75 21.49 5.3 8.16 28.25 28.49 48.12 32.01 17.4 16.53 58.52 36.05 
9.78 17.54 0 35.85 4.94 13.7 11.97 23.34 5.95 30.63 36.93 4.31 32.08 33.81 42.03 
30.06 22.53 35.53 0 41.29 24.45 22.8 51.26 47.93 70.57 13.66 35.77 7.87 73.43 16.43 
17.01 18.91 6.69 38.57 0 21.98 20.5 16.57 6.47 29.74 46.19 10.61 35.65 34.43 51.4 
4.56 9.8 6.05 30.07 16.34 0 7.42 35 17.49 42.34 32.52 6.56 27.04 46.17 36.59 
3.42 7.99 7.8 24.72 18.02 0.59 0 36.55 19.16 44.23 25.87 8.3 20.75 48.02 30.02 
28.24 24.48 18.41 41.2 16.56 30.06 30.28 0 22.07 21.86 56.68 22.15 33.21 48.68 64.59 
15.86 25.15 6.51 42.74 7.84 19.73 18.04 21.98 0 29.23 43.97 9.38 38.25 27 49.26 
40.42 43.69 31.43 64.57 27.62 45.05 43.15 17.53 21.83 0 71.55 34.11 55.17 48.78 76.53 
24.35 28.68 32.95 10.21 43.06 21.77 20.11 63.91 44.85 72.19 0 32.59 22.13 58.52 2.75 
7.34 15.15 4.4 33.58 13.95 11.28 9.53 31.63 14.92 38.69 34.36 0 29.77 37.27 38.46 
29.65 22.86 35.14 3.52 41.6 24.03 22.38 43.62 47.51 67.97 20.02 35.38 0 78.79 22.79 
37.01 47.39 28.24 67.55 29.14 41.72 39.79 43.32 18.46 44.16 57.53 30.98 63.42 0 62.72 
15.87 20.32 24.7 23.81 34.3 13.18 11.45 54.62 35.38 63.16 12.41 24.4 24.03 49.1 0 

0 575 513 824 913 322 274 1132 802 1366 861 640 687 1359 879 
608 0 682 861 816 432 532 1197 972 1410 1019 734 726 1596 1037 
489 648 0 999 399 537 489 755 365 929 1052 348 862 1182 1070 
973 805 941 0 1270 746 699 1681 1231 1864 575 1096 525 1767 506 
759 744 524 1194 0 842 745 624 478 1024 1308 618 1110 1087 1326 
363 554 250 999 651 0 417 1007 540 1104 956 406 915 1434 974 
274 499 296 738 697 46 0 1053 586 1150 792 452 601 1480 810 
1138 1176 903 1444 837 1129 1138 0 815 971 1701 997 1235 1411 1770 
565 875 419 1075 563 613 565 842 0 935 1128 424 938 907 1146 
1177 1391 1031 1880 1041 1225 1177 691 734 0 1740 1036 1671 1330 1758 
822 869 867 388 1258 673 626 1528 1157 1721 0 1032 633 1484 223 
466 679 357 976 781 514 466 1166 661 1225 1087 0 839 1422 1105 
950 828 918 257 1293 723 676 1454 1208 1870 678 1073 0 1832 609 
981 1291 835 1491 961 1029 981 1240 538 1145 1302 840 1354 0 1320 
598 645 643 863 1034 449 402 1304 933 1497 702 808 650 1260 0 
