53
13
373.25 10663.5
15 16 9 4 0 26 17 27 23 0 20 10 24 25 0 7 22 1 11 0 2 8 13 6 0 14 5 3 0 19 21 12 18 0 0 0 0 0 0 0 0 0 0 0 0 0 0 0 0 0 0 0 0 
937.07 19462.5
4 12 0 5 6 0 8 9 0 13 17 0 14 7 0 15 10 16 11 0 18 20 0 19 22 0 25 23 21 0 26 1 2 24 0 27 3 0 0 0 0 0 0 0 0 0 0 0 0 0 0 0 0 
1 2 1 0 0 2 2 0 1 1 2 1 0 0 0 1 2 0 0 2 2 1 1 2 0 0 0 
0 0 0 -1 0 0 0 0 0 0 

0 10.16 18.27 22.75 11.5 30.28 34.65 5.81 26.86 8.22 10.21 12.58 72.42 32.01 22.3 3.23 4 4.45 70.56 69.37 5.17 71.73 9.31 13.03 10.94 15.68 3.28 11.14 
8.89 0 22.36 32.78 8.45 38.74 28.88 16.67 24.66 6.42 7.81 2.31 56.15 21.39 31.11 6.66 4.54 10.99 54.17 52.92 9.16 55.41 11.49 17.94 3.08 4.28 12.57 16.08 
11.06 22.47 0 33.76 28.13 39.68 46.87 22.87 15.28 25.25 8.09 21.88 70.07 27.06 32.09 17.3 15.01 10.02 68.41 67.03 5.32 69.38 26.1 4.05 15.43 18.03 15.07 3.42 
21.34 25.9 29.93 0 20.68 15.11 28.32 10.85 44.2 17.81 28.6 28.17 89.18 50.27 5.93 17.04 20.69 16.84 87.44 86.3 23.85 88.53 16.85 24.32 29.08 33.46 19.2 24.2 
12.24 5.01 28.55 25.37 0 33.93 26.62 8.64 30.78 2.21 14.43 7.49 68.54 30.06 27.72 6.28 5.7 17.11 66.65 65.44 15.74 67.84 4.57 24.26 9.87 14.64 14.77 22.47 
34.19 36.48 42.24 7.56 29.85 0 25.01 24.3 65.03 28.06 41.02 37.36 97.41 61.49 6.33 30.16 33.61 29.97 95.72 94.61 36.56 96.79 26.09 36.99 41.64 46.45 32.14 36.88 
31.69 23.6 44.63 24.15 22.05 28.1 0 26.6 47.16 20.28 30.52 22.24 79.15 38.45 27.4 27.2 26.7 36.57 77.33 76.16 31.76 78.47 22.66 40.04 23.3 25.82 34.1 38.07 
4.87 12.69 23.74 15.59 5.87 26.17 31.38 0 33.23 3.7 17 15.09 75 36.9 18.06 3.13 6.94 10.38 73.16 71.97 10.98 74.32 4.46 19.84 17.38 21.99 7.65 18.02 
25.39 27.37 14.26 48.71 32.21 55.8 51.25 34.73 0 29.64 11.16 26.07 51.88 25.28 47.17 25.34 19.62 25.39 62.43 48.63 16.77 51.14 30.62 18.78 19.76 21.59 29.11 17.78 
10.66 6.23 28.68 21.51 2.01 30.25 24.16 4.85 30.9 0 14.58 8.7 69.19 31.14 24.1 5.17 4.58 16.02 67.32 66.12 16.36 68.5 2.12 25.37 11.06 15.8 13.38 23.08 
10.46 11.3 9.53 35.32 17.78 41.2 36.07 20.49 11.96 15.03 0 11.19 66.89 24.91 33.67 10.43 5.23 10.5 65.86 63.81 4.58 66.19 16.08 7.18 5.3 5.89 13.71 6.12 
11.93 1.49 24.55 34.08 11.09 40.01 25.22 18.28 26.83 9.07 10.13 0 58.99 17.5 32.42 8.1 6.13 14.01 57.04 55.79 11.44 58.26 13.82 20.15 3.44 5.08 15.56 18.31 
73.44 58.38 67.41 94.73 72.29 99.05 84.02 78.42 47.58 68.5 65.21 56.62 0 40.51 93.77 68.34 68 73.48 16.23 1.87 67 2.54 72.72 74.8 57.24 59.99 75.45 73.91 
22.31 9.7 21.49 45.28 21.85 49.75 33.67 28.76 24.47 19.08 16.16 8.3 66.63 0 43.73 18.97 17.33 23.95 64.72 63.5 17.45 65.92 23.23 25.37 8.51 11.19 25.74 24.18 
32.6 34.91 40.72 5.75 28.23 3.96 23.34 22.62 63.42 26.42 39.5 35.8 96.04 59.85 0 28.54 32.01 28.34 94.34 93.21 34.99 95.41 24.38 35.42 39.99 44.7 30.53 35.32 
4.04 5.52 22.26 21.81 6.15 31.27 30.96 5.36 26.65 3.74 9.98 8 68.4 30.52 23.34 0 2.86 7.53 66.5 65.29 8.15 67.69 4.49 17.12 10.36 15.12 5.87 15.27 
4.28 5.55 18.8 26.67 8.04 33.28 31.99 10.04 21.14 4.46 4.95 5.93 69.51 27.17 25.42 2.93 0 6.51 67.63 66.42 5.89 68.81 5.42 14.8 4.83 9.7 6.4 12.93 
3.97 14.19 10.15 27.03 20.07 33.13 39.14 14.6 24.14 16.92 7.25 14.42 72.52 29.15 25.28 8.81 6.43 0 70.66 69.46 4.02 71.83 17.96 4.66 7.73 12.55 6.31 3.93 
68.3 52.97 65.68 89.99 67.12 94.35 79.06 73.38 56.11 63.26 60.14 51.2 13.77 34.83 88.98 63.1 62.74 68.33 0 10.72 61.72 13.07 67.57 69.69 51.8 54.6 70.36 68.76 
76.5 61.65 70.53 97.47 75.37 101.75 86.93 81.4 51 71.64 68.37 59.91 4.82 43.96 96.54 71.48 71.15 76.54 19.27 0 70.17 4.1 75.79 77.83 60.53 62.31 78.48 76.97 
4.19 11.69 8.13 29.83 18.18 35.87 36.53 15.57 17.55 16.16 4.19 11.6 69.32 26.5 28.12 9.81 5.49 4.67 67.44 66.24 0 68.63 17.21 5.32 4.84 9.72 7.17 4.66 
74.13 59.11 68.11 95.35 72.98 99.66 84.68 79.09 48.34 69.2 65.92 57.36 0.27 41.29 94.4 69.04 68.71 74.17 16.94 2.19 67.71 0 73.41 75.48 57.98 60.72 76.13 74.6 
11.18 10.05 29.13 18.48 3.53 27.33 24.24 3.66 31.35 1.89 15.06 12.47 73.76 34.52 20.91 5.5 4.91 16.51 71.91 70.72 16.84 73.07 0 25.33 14.79 19.46 13.9 23.55 
9.74 24.08 5.11 28.97 27.89 35.04 48.4 21.61 18.83 25.07 7.72 21.98 74.3 30.56 27.25 16.01 13.71 6.54 72.45 70.98 4.92 73.62 24.86 0 14.09 19.7 12.38 2.18 
9.95 3.88 16.97 35.03 11.87 41.07 27.77 19.98 19.33 9.87 3.2 3.99 59.28 17.3 33.4 10.1 4.72 10.07 57.33 56.09 3.18 58.55 14.87 12.19 0 2.4 13.61 10.29 
15.25 6.71 19.54 39.71 17.12 46.01 31.09 25.04 22.56 15.17 4.6 5.93 61.56 13.54 38.13 15.4 10.14 15.37 59.63 58.4 8.64 60.84 20.05 17.44 2.69 0 18.83 15.58 
3.58 12.39 17.66 22.2 14 28.43 36.68 8.37 32.08 10.75 12.75 14.44 74.63 35.99 20.39 4.6 4.86 4.08 72.79 71.61 6.5 73.95 11.83 11.19 14.1 18.77 0 9.28 
6.5 18.03 6.03 28.21 23.1 34.29 41.51 18.55 20.14 20.83 6.48 16.67 74.6 31.24 26.47 12.87 10.53 4.34 72.76 71.57 4.15 73.91 21.85 2.42 10.05 14.82 8.3 0 

0 576 982 1082 658 1138 1256 454 1217 523 625 655 1579 1306 831 256 317 359 1525 1506 417 1557 585 757 603 774 259 695 
545 0 957 1239 550 1397 1020 803 1042 451 450 182 1149 963 1090 493 367 591 1095 1076 457 1127 644 737 245 346 745 675 
624 1087 0 1314 1284 1472 1546 1080 755 1124 486 933 1757 976 1165 882 760 628 1472 1684 415 1735 1211 325 736 712 826 273 
855 919 1177 0 994 697 1283 575 1629 834 1037 998 1945 1696 458 674 760 695 1891 1872 923 1923 830 953 994 1165 871 925 
716 385 1209 1181 0 1381 1105 569 1294 173 702 464 1504 1219 1279 494 446 762 1450 1431 709 1482 367 989 540 711 844 927 
1285 1080 1607 431 1203 0 844 1005 1847 1077 1467 1101 2050 1856 505 1104 1190 1125 1996 1977 1353 2028 1029 1383 1424 1478 1301 1355 
1065 743 1409 1130 954 1055 0 1152 1494 835 902 747 1678 1296 1266 936 888 1207 1624 1605 907 1656 1003 1187 717 800 1215 1125 
397 642 1202 823 475 1178 1299 0 1450 295 844 721 1645 1476 871 250 463 576 1591 1572 635 1623 357 975 797 968 547 913 
1102 1118 759 1669 1379 1827 1736 1472 0 1285 616 1123 1154 1177 1520 1154 921 1131 1358 1081 817 1132 1347 874 927 1016 1304 822 
615 443 1261 1005 157 1205 1005 394 1346 0 754 522 1555 1277 1067 421 373 755 1501 1482 806 1533 166 1047 598 769 765 1026 
604 679 546 1332 881 1490 1238 974 631 787 0 625 1633 944 1183 656 423 603 1440 1560 365 1611 849 516 429 480 842 464 
674 116 970 1258 615 1416 914 831 1055 516 463 0 1268 792 1109 513 498 720 1214 1195 468 1246 706 748 278 361 874 686 
1613 1230 1681 2197 1537 2137 1848 1770 964 1446 1583 1235 0 859 2048 1452 1404 1610 584 148 1369 204 1586 1679 1180 1263 1731 1587 
826 370 681 1337 828 1278 988 910 828 587 505 375 1334 0 1188 592 648 750 1280 1261 509 1312 727 819 320 403 1026 727 
1205 1000 1527 351 1123 318 764 925 1767 997 1387 1021 1970 1776 0 1024 1110 1045 1916 1897 1273 1948 1167 1303 1344 1398 1221 1275 
324 406 1127 1063 481 1191 1128 435 1200 301 608 485 1451 1240 884 0 227 503 1397 1378 562 1429 363 902 561 732 474 840 
340 444 907 1161 525 1199 1165 550 992 363 400 481 1488 1151 892 232 0 480 1434 1415 452 1466 425 734 389 560 517 672 
319 782 672 1115 979 1273 1207 775 1032 844 440 594 1553 1099 966 577 455 0 1499 1480 322 1531 906 376 397 568 506 314 
1496 1113 1424 2080 1421 2021 1731 1653 1147 1330 1248 1118 494 743 1931 1335 1287 1493 0 416 1252 472 1470 1562 1063 1146 1614 1470 
1744 1361 1812 2328 1668 2268 1979 1901 1095 1577 1714 1366 339 1188 2179 1583 1535 1741 697 0 1500 317 1717 1810 1311 1800 1862 1718 
339 612 560 1145 814 1303 1172 795 824 786 334 559 1518 1065 996 597 423 378 1464 1445 0 1496 848 430 362 533 570 379 
1639 1256 1707 2223 1563 2163 1874 1796 990 1472 1609 1261 21 885 2074 1478 1430 1636 610 174 1395 0 1612 1705 1206 1289 1757 1613 
626 593 1269 904 279 1104 1038 292 1354 148 762 672 1632 1427 1002 429 381 763 1578 1559 814 1610 0 1096 748 919 776 1034 
622 840 412 1136 1052 1294 1458 1078 816 937 558 1081 1595 1045 987 880 758 526 1541 1745 397 1573 1209 0 668 985 804 171 
559 315 765 1214 602 1372 933 855 850 503 258 320 1279 815 1065 545 382 485 1225 1206 244 1257 696 524 0 190 759 462 
774 545 786 1429 817 1417 1095 1070 933 718 373 482 1409 704 1280 760 597 700 1355 1336 459 1387 911 739 212 0 974 677 
281 826 997 978 770 1136 1337 566 1252 635 736 863 1691 1425 829 368 389 325 1637 1618 528 1669 697 702 763 934 0 639 
454 682 485 1144 942 1302 1300 910 973 979 495 687 1646 1192 995 712 590 348 1592 1573 334 1624 1041 190 490 661 626 0 
